0 2.711514 0.371955
1 1.089617 -1.760020
2 -0.886852 0.027478
3 -1.192326 -0.142011
4 -0.427574 0.876053
5 1.956013 0.598359
6 -0.151071 0.955864
7 1.731132 1.077798
8 0.906359 1.152964
9 0.159895 1.160942
10 0.848554 1.514214
11 1.978281 0.260808
12 0.926689 -0.843955
13 1.074042 -0.758210
14 0.444541 -0.760415
15 2.501819 0.546894
16 1.550015 1.547080
17 1.675470 -0.277153
18 -1.297066 -1.430974
19 -0.872777 0.549425
20 -0.671238 -0.248275
21 -0.284961 1.296981
22 0.060932 0.195289
23 0.829106 -0.444886
24 2.557345 -1.118971
25 2.002292 -0.761893
26 -0.270008 0.928494
27 1.461260 -0.060864
28 0.929154 -1.086251
29 2.157529 -0.887392
30 0.599836 -0.966234
31 1.836150 -1.221037
32 2.621952 -0.112787
33 1.696937 -1.462500
34 0.371850 0.066684
35 1.354635 0.927958
36 -0.005948 -1.178082
37 1.350024 -0.221000
38 2.297276 -0.738345
39 2.154448 -0.063242
40 1.135322 -1.501181
41 1.778187 -0.865961
42 1.006098 1.750994
43 1.187458 0.065335
44 0.315584 0.762985
45 1.313636 -0.981736
46 0.505187 -0.010553
47 0.159704 -0.061606
48 1.267611 1.590313
49 2.350516 -0.674936
50 -0.004298 2.165972
51 0.451822 2.035634
52 1.752849 1.986638
53 2.287259 1.045187
54 0.666632 0.793924
55 -0.127023 0.059570
56 0.466655 0.242011
57 0.335005 0.916694
58 -0.290759 -0.982012
59 1.144927 -0.460408
60 1.722461 0.245319
61 3.059366 0.541626
62 2.694252 -1.312204
63 1.803674 -0.958495
64 1.868997 -0.436591
65 2.553699 -0.767419
66 0.522056 -1.981771
67 -0.090453 2.165098
68 0.948924 -0.398348
69 1.146132 0.182189
70 -0.543056 0.231212
71 0.492131 0.647637
72 0.188759 1.048156
73 0.941960 -0.910418
74 0.033404 0.827397
75 0.392963 -0.467194
76 0.534467 -1.058090
77 0.743521 -1.361103
78 0.382702 0.087912
79 0.215500 1.740295
80 2.056662 0.602176
81 1.381361 1.211567
82 0.307117 1.495594
83 0.023062 0.636776
84 1.127396 -1.288130
85 1.865751 -0.215514
86 0.549149 1.429442
87 -0.715825 0.525094
88 1.247358 0.744132
89 1.145110 -0.187996
90 -0.420346 -0.344737
91 1.443702 -0.164425
92 2.067618 -2.376448
93 0.922458 0.114642
94 2.399338 0.314835
95 1.367642 -0.638721
96 0.032901 -0.530698
97 2.014169 1.769491
98 0.849501 1.051357
99 1.361226 -0.098972
100 0.717232 -1.003106
101 0.391231 0.305169
102 1.322726 -1.923125
103 1.289301 0.446351
104 1.045039 -0.833365
105 1.310778 -0.777421
106 2.558832 1.418114
107 0.235399 -0.100362
108 -0.356702 1.375257
109 1.074454 0.157482
110 2.299502 -0.527577
111 0.931131 0.280536
112 1.288211 1.017826
113 1.196757 0.270306
114 0.774379 -0.378780
115 -0.137299 -0.291839
116 0.077305 1.534364
117 0.871340 0.590172
118 1.277843 0.444429
119 -1.020119 -0.347143
120 2.193278 -0.840374
121 2.034133 0.829302
122 1.989467 0.204743
123 0.396921 -1.283120
124 1.554148 -0.703338
125 0.284520 -0.520552
126 0.451850 0.562802
127 1.386175 0.821478
128 1.745157 -1.578346
129 0.598657 0.175177
130 0.724914 0.435397
131 0.659722 1.799843
132 2.313813 2.307901
133 2.813629 1.396933
134 1.126823 2.053097
135 1.326172 -0.495198
136 0.548374 -0.692581
137 1.469645 2.771377
138 0.117541 1.507897
139 1.010689 0.371537
140 1.936264 0.286150
141 0.604865 1.619724
142 0.054168 1.263808
143 0.522828 -0.894450
144 1.204871 1.852454
145 1.470419 -0.876491
146 1.308833 1.073797
147 -1.004565 1.846049
148 0.910219 0.370914
149 2.192582 0.647615
150 0.901679 0.018822
151 2.683808 -1.317594
152 1.488497 -0.612401
153 2.734127 0.716199
154 0.054324 -0.515011
155 0.992399 0.235465
156 1.673602 -1.017276
157 0.922809 0.060297
158 1.080685 1.020590
159 -0.268311 0.576293
160 0.795901 -1.383689
161 1.312028 -0.787677
162 -0.117176 -1.941793
163 1.274237 -1.367863
164 0.464846 -0.037535
165 -0.217952 0.168625
166 1.825653 1.530492
167 -0.239737 -1.840786
168 1.667106 -1.546094
169 1.111998 0.903297
170 1.769554 0.168021
171 2.871490 -0.033366
172 1.546708 -1.518648
173 1.010171 0.232027
174 1.758224 0.531628
175 0.669249 -1.667075
176 1.942277 0.966773
177 3.973259 0.917286
178 0.746982 0.545764
179 1.203735 -0.940638
180 0.124064 -2.466412
181 -0.592796 0.385112
182 -0.118078 -1.453125
183 1.711939 -1.459613
184 0.282292 0.085340
185 -0.537694 0.083065
186 1.844218 0.413516
187 2.081809 -1.805144
188 1.058390 0.202886
189 2.014827 0.212248
190 1.853735 0.853864
191 0.994842 1.349779
192 0.244569 -1.638220
193 0.790043 -0.365892
194 1.495923 -1.447105
195 0.851694 0.956419
196 0.545682 0.278240
197 1.656937 1.062894
198 1.101575 0.276933
199 0.275057 0.729047
200 2.592701 -0.572787
201 1.453578 -0.119611
202 1.282661 -0.062207
203 0.933307 -0.516361
204 1.470294 1.450655
205 0.181531 1.282263
206 1.270882 0.280604
207 -0.194391 0.474877
208 0.496472 -2.144055
209 1.826349 0.537048
210 1.240142 0.663171
211 -0.973668 -0.348165
212 0.878501 -0.402375
213 0.626836 -1.476624
214 1.886374 0.845701
215 -1.609540 -0.382906
216 3.173942 -0.753660
217 1.327341 -0.488418
218 -0.246420 -1.443698
219 2.285992 -1.092323
220 0.102884 -0.206602
221 -0.155188 -0.369869
222 1.346023 1.826727
223 0.818726 0.326746
224 1.493007 -1.905623
225 0.429943 -0.172541
226 1.903172 0.750449
227 1.050498 1.474806
228 1.177165 0.365983
229 2.145797 -0.557336
230 2.142460 -1.329316
231 -0.616841 -0.625232
232 1.041544 -0.080367
233 0.491334 -0.944953
234 4.171606 -1.907743
235 2.621699 -1.754839
236 1.041627 -0.106469
237 1.008104 -1.055986
238 1.009227 0.171228
239 1.512502 -0.062514
240 1.375090 -0.528732
241 1.579276 -0.479968
242 1.035439 0.638385
243 0.428878 -0.060137
244 0.640959 -0.566833
245 -0.407679 -0.234557
246 1.026787 0.513427
247 1.816210 -1.802023
248 1.903255 -0.873945
249 0.276147 0.057214
250 1.094812 0.545074
251 2.243940 -0.277907
252 1.507314 -1.058153
253 -0.947791 -0.112350
254 2.287577 -1.120665
255 0.808456 -0.292813
256 0.210775 -3.027378
257 0.022246 0.815536
258 1.009561 -0.722787
259 0.451433 0.260484
260 -1.135316 -1.071303
261 0.318721 -1.376021
262 0.911224 -0.135667
263 1.826751 -0.175098
264 1.227153 0.005873
265 0.155682 0.433089
266 1.194220 -1.207528
267 1.805553 0.532167
268 0.284781 2.486080
269 -0.626812 -0.926333
270 0.640727 0.266742
271 0.797469 1.035557
272 0.626902 0.760916
273 0.833879 1.423656
274 1.017162 -1.445069
275 -0.608412 -0.582223
276 1.967812 1.676981
277 2.309455 -0.368708
278 1.483782 -0.154552
279 2.688873 -0.975779
280 0.209711 -0.013275
281 0.723581 -1.173988
282 1.204219 0.350687
283 1.448097 0.681842
284 0.429309 -0.160242
285 0.922358 0.931597
286 0.699345 0.377694
287 2.615632 -0.634265
288 0.597841 -2.303609
289 0.389375 -1.410357
290 0.755328 -0.719182
291 1.107384 0.883666
292 0.976066 -0.208285
293 1.152417 -1.299435
294 0.614104 -0.349946
295 3.541560 -1.124128
296 3.695634 0.615031
297 1.045253 1.235276
298 0.663830 1.160887
299 -0.163010 0.486479
300 1.624087 -0.214775
301 1.557151 0.431179
302 0.090758 -0.198234
303 1.943705 -0.463109
304 1.597140 1.851397
305 1.477700 -0.694498
306 -0.720336 0.422054
307 0.324625 -0.240002
308 1.326589 -1.545641
309 0.940100 -0.832317
310 0.736067 -0.456999
311 -0.281204 0.040733
312 -0.032520 0.167289
313 2.497492 1.160928
314 -1.539984 0.973379
315 1.088614 0.816876
316 2.969625 -1.440433
317 0.383536 -1.372321
318 0.631312 0.438648
319 0.792968 0.343462
320 0.720314 1.187642
321 1.732340 0.406703
322 1.983316 0.056998
323 0.674070 -0.328736
324 2.147671 -1.358740
325 0.539343 -0.318113
326 1.820917 -0.285126
327 0.322947 0.807938
328 0.757695 -1.822964
329 2.613257 -1.094011
330 0.662539 -0.852093
331 0.746044 -0.360501
332 0.884819 -0.022780
333 0.181455 -1.305626
334 1.148378 0.182071
335 0.962935 0.432420
336 0.386469 -2.092773
337 0.792827 -0.204941
338 -1.194669 -0.351344
339 1.726046 1.207871
340 -0.809648 0.074304
341 2.790174 -0.606875
342 0.554143 1.598448
343 0.336922 0.237703
344 0.538539 0.913808
345 2.652380 0.096851
346 0.839784 -1.135371
347 -1.484321 -0.258424
348 1.375778 -0.930337
349 0.619231 1.110452
350 2.615486 0.693835
351 1.546427 -0.410294
352 -0.688520 -0.797023
353 1.113228 -1.671480
354 -0.505089 1.315962
355 2.472118 -0.702182
356 0.158119 -0.546673
357 -0.089795 -0.197739
358 0.321237 -0.207222
359 2.598242 0.329891
360 1.004749 -0.039670
361 -0.132917 -0.501162
362 1.830110 0.695460
363 -0.657582 2.086175
364 1.370092 -0.172033
365 0.649115 0.750852
366 2.033431 1.333078
367 2.055703 -0.538991
368 1.984354 1.426987
369 0.382416 -1.314532
370 2.133956 -0.553041
371 2.637302 -0.247606
372 2.557596 0.765358
373 -0.435864 2.045048
374 1.527502 -0.659337
375 0.158305 -0.241403
376 3.219219 1.918242
377 3.032198 0.195622
378 0.543752 -1.213709
379 0.338444 -0.721487
380 2.078342 1.132714
381 1.917325 0.612209
382 1.368484 -1.802060
383 -0.239160 0.486170
384 1.502072 -1.182942
385 -0.209522 0.338184
386 0.260002 -1.151518
387 2.766715 0.532983
388 0.665116 -0.168178
389 0.052660 1.510432
390 1.047955 0.400508
391 0.064020 -0.316121
392 -0.066663 -0.876076
393 0.799681 -1.024073
394 2.354997 -1.425545
395 0.974877 0.288169
396 1.607994 -1.591045
397 0.273245 0.129599
398 1.443586 0.169181
399 0.267069 -0.742666
400 1.159826 0.743005
401 1.004688 -0.852938
402 -0.000832 -0.027574
403 0.736482 0.087619
404 1.779986 -0.167662
405 0.742822 -1.276300
406 -0.039135 -1.755205
407 0.944215 0.636616
408 1.024498 -1.265208
409 2.147166 -1.030285
410 1.881958 -1.175650
411 1.251482 -0.005962
412 -0.231586 -0.196919
413 0.102700 -0.082855
414 0.626385 1.681326
415 -0.112419 -1.518765
416 1.159165 1.108005
417 0.787453 0.755453
418 1.338345 0.217521
419 0.427212 -1.667905
420 2.253485 0.321021
421 0.096640 1.112714
422 0.709631 -0.170132
423 1.201578 0.169141
424 1.192309 -1.498224
425 1.890402 1.960014
426 1.989743 -0.076004
427 2.877935 0.438780
428 2.303763 -0.616412
429 2.356278 0.885760
430 2.460683 1.340196
431 0.920655 0.661708
432 0.820630 2.349867
433 1.388992 3.376693
434 1.495980 -0.618275
435 3.102214 -0.123652
436 0.756715 0.930164
437 0.815561 -0.369301
438 2.099083 1.595279
439 0.567900 -0.509577
440 2.055703 1.344829
441 1.718908 -0.601040
442 0.304257 1.584468
443 2.136517 0.220889
444 1.367118 -0.363968
445 1.766939 -0.356843
446 0.875556 0.307377
447 2.495168 -0.525848
448 0.786848 -1.339373
449 2.189244 -0.695009
450 1.358954 -0.654962
451 1.682580 0.374624
452 -0.315980 1.003847
453 0.730200 0.786634
454 1.120664 0.505292
455 1.039959 0.349229
456 3.318128 -0.117080
457 1.906638 1.185634
458 2.018292 1.155531
459 0.196260 -0.250261
460 0.419400 -0.401713
461 -0.157915 -1.051190
462 0.045559 -0.218752
463 1.718365 -0.786678
464 2.111812 2.223871
465 -0.288580 0.045737
466 1.005638 -0.553939
467 1.523131 -0.664369
468 0.275571 -0.026783
469 1.102903 0.143379
470 2.404834 0.246212
471 0.839698 -0.251744
472 1.048106 0.019205
473 0.483467 -0.554035
474 1.122454 -1.113918
475 2.275250 0.318969
476 1.964966 -0.291711
477 0.072204 0.755343
478 0.547756 -1.131470
479 0.469908 -0.769173
480 0.766280 0.076121
481 0.695739 0.980142
482 1.669808 -0.126187
483 0.584358 0.738303
484 3.102047 -1.325256
485 1.259072 1.319507
486 -0.139943 -0.102332
487 -1.806536 -1.732958
488 -0.772727 0.275750
489 2.968339 -0.586671
490 0.174197 -0.823150
491 3.142041 -0.374638
492 -0.270798 -0.360160
493 -0.325868 -0.915018
494 1.781447 -0.037058
495 1.126796 -2.458491
496 1.256397 1.250073
497 1.505330 0.191883
498 -0.056068 -0.687078
499 2.209675 0.339325
500 0.135643 1.782014
501 2.197056 0.991050
502 1.735674 -0.405083
503 1.930885 -0.619115
504 1.118657 -1.102496
505 -0.014587 -0.006597
506 0.535358 -0.368626
507 1.281481 -0.603389
508 0.342637 0.612173
509 -0.056794 1.065644
510 0.808230 1.086501
511 2.207653 0.232489
512 -1.174440 -2.265021
513 0.863144 -0.466246
514 -1.289095 1.751021
515 1.156369 -0.197662
516 2.044254 -1.179174
517 2.517161 -1.412378
518 -0.181170 0.534543
519 -0.319401 0.231759
520 0.301228 -0.842553
521 0.973425 1.041032
522 -0.193044 0.226313
523 0.894427 -0.064316
524 -0.562563 1.710161
525 2.696641 0.967980
526 1.543339 0.357415
527 3.123677 0.504517
528 1.931659 0.438318
529 1.664644 0.591508
530 -0.461657 -0.568548
531 1.939769 0.127885
532 1.645673 0.591094
533 1.921721 0.945019
534 1.781927 0.914721
535 0.234255 -0.320402
536 2.526365 -0.356649
537 1.874659 -1.262579
538 0.811734 -0.058650
539 0.546125 -1.238843
540 1.469996 0.462491
541 1.628044 0.164352
542 0.614272 0.695613
543 1.331708 -0.567323
544 1.392275 0.672266
545 0.679487 1.116483
546 0.020991 0.107196
547 0.873245 1.726380
548 0.915016 -0.929327
549 0.984833 -0.387431
550 2.360215 0.627832
551 1.324566 -1.401627
552 0.325818 1.504599
553 1.134057 1.137144
554 2.229835 0.325268
555 1.582175 0.191068
556 2.942420 0.550751
557 0.282100 1.880259
558 1.195325 0.122843
559 2.318210 0.870816
560 0.860549 -1.197709
561 1.104860 -1.974122
562 0.985004 0.697339
563 1.139539 -1.780319
564 2.504784 0.166035
565 0.008768 0.054136
566 2.462336 -0.629976
567 0.038664 0.808087
568 1.547023 1.610316
569 0.415674 1.188608
570 0.389254 -0.795532
571 -0.049319 -1.356574
572 0.309122 -0.710251
573 1.977097 -0.058302
574 1.515411 0.161789
575 -0.488230 0.369317
576 2.903465 2.318856
577 0.257820 0.632709
578 0.363926 -0.236898
579 1.482698 -0.543343
580 -0.506778 -0.097300
581 0.582935 -1.214542
582 -0.354779 -0.276064
583 1.436121 1.385564
584 3.497591 1.478685
585 0.403671 -1.645940
586 2.462254 0.689927
587 0.327823 1.844055
588 -0.156073 1.277641
589 0.270842 -1.177268
590 0.234031 -0.581140
591 1.998662 0.249950
592 1.193986 0.162955
593 1.021741 0.367719
594 -0.077468 1.301023
595 0.267649 -0.060534
596 -1.006832 0.380718
597 0.508228 1.516104
598 1.827657 1.275358
599 0.384106 -0.189210
600 -0.412746 0.634771
601 1.148429 0.856502
602 1.812638 -1.875676
603 0.455409 -0.107002
604 2.234064 -0.106925
605 1.461102 0.249412
606 0.568830 -0.789165
607 1.975133 0.467437
608 0.911418 0.509852
609 1.114141 -1.067866
610 0.851559 -0.359774
611 0.160910 2.051610
612 0.061027 0.100629
613 -1.528987 -1.048036
614 1.424532 -0.345745
615 0.701296 -1.872535
616 -0.595991 2.210885
617 2.233779 0.346003
618 2.324606 -0.179362
619 1.206730 1.095290
620 0.239831 1.739944
621 3.168050 -1.023203
622 2.393755 0.756102
623 1.641484 -0.141001
624 -0.839416 -1.810215
625 1.457090 0.914428
626 1.630023 0.548210
627 1.972520 0.621796
628 1.321874 0.728485
629 1.074054 0.484545
630 0.092157 -0.873377
631 1.917184 -2.176654
632 1.376439 0.790798
633 1.448838 0.698405
634 -0.498148 -0.501187
635 0.412357 -0.007722
636 1.401613 -1.821633
637 0.354937 1.200341
638 0.818474 -1.165066
639 0.780030 -0.584365
640 0.917990 1.340330
641 -0.149351 -0.342527
642 0.299287 1.337476
643 0.164786 0.057205
644 -0.408951 -2.333308
645 0.730578 0.596617
646 0.841679 0.048123
647 0.477573 -0.294341
648 2.469856 0.291787
649 0.761721 0.056629
650 1.599766 0.335915
651 1.155385 -0.870449
652 0.365981 0.815230
653 1.145836 -0.075790
654 1.911730 -1.601392
655 0.781818 -1.391548
656 0.319107 1.768475
657 0.280431 -0.381625
658 0.442018 -1.507900
659 0.767429 -1.223180
660 0.668026 -2.251493
661 0.095178 -0.629188
662 2.294874 -0.405908
663 3.201567 0.800697
664 0.238036 0.753566
665 2.654203 -1.310394
666 -0.441935 1.004885
667 1.607771 -0.217901
668 0.572131 1.801605
669 1.533493 -1.146519
670 -0.700668 0.599849
671 2.412662 0.316936
672 -0.034904 0.560628
673 1.007497 -1.162856
674 1.157497 0.164129
675 2.582041 0.583684
676 1.496533 -0.321403
677 -0.322658 -1.470315
678 1.276039 0.224573
679 -0.907599 0.065752
680 0.991409 0.847032
681 0.245621 -0.723770
682 1.099140 -0.561192
683 1.782263 1.051185
684 1.410277 -1.464467
685 1.621663 -0.003455
686 1.346794 0.768776
687 0.230703 -1.078560
688 1.432748 0.678039
689 2.527170 -0.476164
690 -0.630051 1.080273
691 1.804313 -1.337454
692 2.004646 1.046098
693 2.197648 1.466441
694 3.226742 -0.333505
695 0.476982 -0.514302
696 -0.690026 -1.537363
697 -0.051391 0.485212
698 2.076876 -1.366335
699 3.857641 0.194977
700 2.813678 -0.447376
701 1.808925 2.005464
702 2.725029 0.745512
703 0.622368 -0.779292
704 0.826697 0.588627
705 3.181000 -0.967675
706 1.489596 0.210082
707 0.560800 -0.911136
708 -0.185970 0.980474
709 0.859351 0.056831
710 -0.231254 -0.742590
711 1.417636 1.767424
712 1.109005 -1.253083
713 2.083996 -0.711126
714 1.333390 0.866177
715 -0.127061 0.222238
716 1.664600 -0.104152
717 1.570687 -0.444054
718 1.361386 -0.726913
719 0.104560 0.464520
720 -1.292479 -0.345690
721 0.072812 1.053997
722 0.546776 -1.958572
723 0.895956 0.117242
724 0.494450 1.550951
725 1.643759 0.354105
726 0.965769 0.665190
727 2.231934 -1.658711
728 -0.133947 -0.595286
729 0.998232 0.551565
730 2.014406 -1.097912
731 0.646149 0.071134
732 0.522369 1.207332
733 1.025460 1.465528
734 0.227522 -0.925897
735 2.368744 -1.279901
736 -1.174188 1.074397
737 1.424891 0.541287
738 1.622094 0.802045
739 1.110863 1.000886
740 0.566321 1.680589
741 0.524625 -0.512142
742 0.123934 0.755623
743 1.327476 1.638062
744 0.641777 -0.933333
745 1.086284 2.198909
746 1.109747 -0.312522
747 2.158855 0.506694
748 0.331855 0.575306
749 2.364614 0.346616
750 2.512980 0.876550
751 -0.150896 -1.443262
752 1.205257 -0.466727
753 0.002077 0.968387
754 2.257328 0.178824
755 1.495296 -0.061426
756 1.137273 1.191388
757 1.335708 -0.349408
758 1.436566 0.165570
759 0.248698 0.375812
760 0.483392 -0.140099
761 0.170516 -0.453840
762 1.414925 0.552158
763 0.023033 -2.106375
764 1.169663 -0.643924
765 0.345574 -0.614220
766 -0.919119 0.757914
767 -0.781033 -0.383554
768 0.768893 -1.542032
769 0.810541 1.092668
770 0.946532 -0.341125
771 0.207346 -0.767292
772 1.626245 -0.183425
773 0.661008 -0.650693
774 1.361917 0.685011
775 2.682554 0.555442
776 1.690499 1.708609
777 1.222366 0.279233
778 1.375175 -1.936802
779 0.016791 0.255945
780 0.713867 0.567407
781 0.557991 2.012067
782 1.391950 0.465046
783 1.562034 -0.632373
784 1.520867 1.390977
785 -0.085665 0.699274
786 2.416033 1.636031
787 2.404642 0.157191
788 2.807108 1.181125
789 0.490183 -0.473079
790 1.750425 0.387444
791 1.153690 -1.018920
792 1.772948 -0.914108
793 0.696897 0.048649
794 1.555901 -0.548799
795 0.487066 -0.245734
796 0.211769 1.787295
797 -0.044140 -0.777043
798 0.722526 -0.861894
799 0.742901 -0.739220
800 0.417162 1.388280
801 -0.159428 -0.474703
802 1.330175 -0.794101
803 1.945272 0.194374
804 1.935744 0.393730
805 1.869684 0.776432
806 1.075131 1.867679
807 1.134757 -1.052502
808 1.368265 1.928115
809 -0.010341 -0.825957
810 0.716248 -0.329998
811 0.879213 1.421310
812 0.690820 -0.990129
813 1.785316 -0.456527
814 2.081033 -0.425900
815 2.203497 0.272384
816 1.456844 0.706113
817 1.155856 0.220587
818 1.574005 0.103106
819 2.099223 -0.717722
820 0.318323 0.883496
821 -0.119249 0.014960
822 -0.287253 -1.764067
823 -0.309848 -0.322144
824 0.841809 -0.761072
825 0.799106 -3.002712
826 2.016001 -1.600784
827 1.379891 1.039789
828 -1.178925 -0.101067
829 -0.892750 1.179098
830 1.614863 -0.954990
831 0.783888 -0.261068
832 0.898267 -0.220993
833 1.365775 1.627186
834 0.597162 0.567357
835 1.051632 -0.542357
836 0.712903 0.531693
837 0.181591 -0.704322
838 2.008801 0.660632
839 0.952816 -0.821319
840 0.163013 -0.808016
841 1.172436 -0.130242
842 0.660465 -0.868740
843 1.672486 -0.576327
844 0.585489 0.707595
845 0.015029 -0.798229
846 1.274432 1.426893
847 2.143970 0.583430
848 -0.410275 0.668767
849 1.394759 -0.527071
850 2.605771 0.044633
851 2.134671 -2.238067
852 0.128587 -1.094663
853 1.085755 1.215083
854 1.292186 0.641221
855 1.034933 0.338674
856 -0.439251 0.221822
857 0.023906 0.969392
858 -1.036935 -0.534149
859 1.359790 0.742457
860 2.358872 -0.143576
861 0.289313 -1.199183
862 1.406432 -0.635715
863 1.359129 -0.275083
864 1.827619 -0.143189
865 1.409374 -0.133568
866 1.345919 0.055293
867 0.194921 -0.174967
868 1.087003 -0.847932
869 0.578791 0.452599
870 0.325518 -0.717978
871 1.427158 -0.007010
872 3.489399 -1.362489
873 -0.171804 -0.254238
874 1.306162 0.936410
875 2.532236 -0.778523
876 0.872261 -0.779544
877 2.416933 1.009989
878 0.543570 2.146379
879 0.073843 0.130701
880 1.836768 0.676667
881 0.596128 -0.876955
882 -0.821035 -1.987157
883 0.237049 1.461018
884 2.334658 -0.819940
885 0.518201 -0.874575
886 0.245481 -0.226749
887 -0.764625 1.161412
888 1.442207 1.046371
889 1.301587 0.375102
890 0.928096 -0.810622
891 4.230158 1.344630
892 -0.925209 -1.713184
893 1.459384 -0.354155
894 2.136903 -1.153971
895 1.627657 0.802752
896 -0.116250 1.029411
897 -0.093734 -1.041814
898 1.955469 -0.100074
899 0.941996 0.519082
900 0.240433 1.205735
901 2.144835 0.565469
902 -0.503878 0.426382
903 3.136958 1.207804
904 1.768570 0.464725
905 2.452535 0.772421
906 0.122664 1.021289
907 0.314539 0.267985
908 2.077587 0.219409
909 1.906156 -0.484749
910 2.295738 1.038060
911 1.295712 -0.127943
912 1.221791 -0.661049
913 2.000968 -0.819538
914 0.534637 0.937487
915 0.072317 -0.296178
916 1.768875 -0.415711
917 0.044112 -0.701301
918 0.197748 0.720520
919 0.462434 1.458422
920 -0.277334 0.867017
921 1.168874 1.101143
922 3.035765 -1.140118
923 -0.070807 -0.255655
924 1.560626 0.554334
925 1.279416 -0.077109
926 -1.437720 0.259232
927 1.948300 0.933913
928 0.073838 0.403637
929 0.069668 0.388333
930 1.576259 -0.923305
931 1.810174 1.029872
932 -0.816946 -0.015574
933 2.903709 -0.274264
934 2.071637 -1.609498
935 2.412452 0.639228
936 -0.263427 0.022082
937 1.679211 2.696859
938 -1.237718 -2.091818
939 1.112638 -0.878640
940 0.328261 -0.582055
941 0.862052 0.441952
942 2.262942 1.414639
943 0.674658 0.411325
944 1.254716 -0.222551
945 1.181527 -1.943591
946 2.104999 0.212856
947 0.886314 -0.017366
948 1.189756 2.053873
949 1.556089 1.299602
950 0.577364 0.106244
951 -1.555812 -0.930796
952 1.636751 1.061646
953 -0.519402 1.752462
954 0.305862 -0.306139
955 0.385094 -0.395498
956 -0.330984 -0.675799
957 1.375841 -1.036811
958 2.590239 0.901274
959 0.596460 -1.315818
960 -0.446217 -0.495968
961 2.514567 1.034967
962 0.426447 -0.491389
963 1.833211 -0.570165
964 0.880587 1.386177
965 -0.460723 -1.069690
966 1.091775 0.144453
967 2.214873 0.252167
968 -0.475578 0.553016
969 0.283890 0.017449
970 1.374079 -0.766830
971 1.173640 -0.560806
972 0.130505 -0.473834
973 2.195544 -1.787452
974 1.128914 1.299130
975 0.261943 -0.223604
976 2.126317 1.321627
977 1.237335 -2.237913
978 -0.248419 -0.808131
979 0.447376 0.763716
980 -0.345874 0.629644
981 0.551093 0.890980
982 2.832829 -0.839311
983 0.182389 0.424457
984 -0.468826 -0.368744
985 0.296579 -0.154835
986 -1.337317 1.144088
987 0.957001 0.546381
988 1.769324 0.658261
989 1.466937 0.234298
990 -0.486286 0.542643
991 1.952200 -0.102468
992 1.187714 -0.911615
993 1.561331 -0.091746
994 1.461008 -0.725442
995 1.885492 -0.319478
996 1.844511 -1.400726
997 -0.707904 -0.648790
998 -0.583897 0.201509
999 0.793704 0.053656
