0 -0.489155 -0.306424
1 -1.144403 1.863467
2 1.431473 -0.438765
3 -0.085641 3.038033
4 0.557149 1.319664
5 0.951582 1.552022
6 3.020214 0.113557
7 0.037720 1.257501
8 0.846100 -1.142513
9 0.814956 -0.037090
10 0.281223 1.478916
11 0.607766 1.730343
12 1.497577 1.304996
13 -1.193544 0.046094
14 1.639301 -0.233465
15 -1.295020 1.585095
16 0.406119 -0.535943
17 -1.446265 1.078428
18 -1.721895 1.713088
19 -1.302995 -0.490449
20 -0.568129 2.138730
21 -0.536025 0.619784
22 -0.556959 2.966385
23 -1.644902 1.767330
24 0.472671 1.586532
25 0.172574 2.360484
26 0.243680 1.521321
27 0.820534 0.728226
28 0.611276 0.889847
29 -1.216581 1.828339
30 -0.453495 0.857987
31 0.440501 0.816851
32 -0.435111 2.898784
33 -1.529862 2.165161
34 0.422021 1.386424
35 0.877169 0.671826
36 1.803481 1.395498
37 -0.596989 0.852450
38 1.153019 1.245669
39 -1.134348 2.604766
40 -0.712504 0.717995
41 -0.613430 -0.712564
42 -0.218231 0.549948
43 1.257043 2.298464
44 -0.816177 0.231414
45 -0.711244 1.482809
46 0.210979 2.743117
47 -0.536985 0.147901
48 0.877291 1.736431
49 -0.994206 0.621761
50 0.381217 1.851092
51 1.271287 1.921493
52 1.162704 1.099649
53 1.472272 1.059091
54 1.403426 2.027647
55 -1.612019 -1.558515
56 -1.616906 0.617383
57 -0.250946 0.889342
58 -0.707796 0.225643
59 -0.306964 -0.726635
60 -1.881490 -0.074675
61 -1.294534 0.397031
62 0.034510 1.742336
63 -0.385278 2.527153
64 0.171247 0.816533
65 -0.798889 -0.340366
66 -0.998031 0.853125
67 0.944807 -1.327040
68 0.814253 1.047921
69 0.195611 -0.662428
70 -0.094070 0.399923
71 -0.068079 0.806874
72 -0.678134 1.302041
73 -0.701733 1.254860
74 2.632124 1.927910
75 0.239813 -0.189793
76 -2.487367 1.234134
77 -0.679841 3.601812
78 0.925322 2.785614
79 0.572075 1.082141
80 -1.663310 -0.367857
81 -0.526691 1.463125
82 -1.125920 1.164858
83 0.315271 3.279402
84 -2.042575 -0.400126
85 -0.157134 3.100105
86 0.804800 1.065718
87 -0.354586 -0.623820
88 0.811783 -0.313271
89 -0.023521 1.334293
90 0.614090 1.645441
91 1.013097 0.766386
92 -0.733837 1.373916
93 -0.237728 -0.290153
94 -0.787755 -0.761841
95 2.073848 1.981653
96 -0.735736 2.206347
97 -0.272885 0.001155
98 0.346517 0.109184
99 0.587813 1.842535
100 -0.276693 1.589568
101 1.420240 0.884596
102 -0.007311 -1.495759
103 2.327853 2.563026
104 -0.665198 1.231910
105 -1.487078 -0.377283
106 -0.033258 -0.560326
107 -0.693356 2.037394
108 -1.005783 2.656720
109 1.209946 1.319042
110 -0.633962 2.020312
111 0.498494 1.427961
112 -1.021401 1.664877
113 -0.954632 1.085529
114 -1.360690 2.327700
115 -0.631848 0.380566
116 -0.895639 1.481674
117 -0.075994 0.108456
118 0.245769 1.423401
119 -1.446733 1.411981
120 0.335058 2.013162
121 -0.559238 0.544478
122 -1.093341 -0.389208
123 -0.215186 1.284094
124 -0.078950 0.234373
125 1.737860 1.190257
126 1.018597 1.932887
127 0.658336 0.517373
128 0.943670 1.375442
129 1.202898 0.073075
130 -0.262966 1.968531
131 -0.330992 1.265627
132 2.003567 2.601685
133 -1.372035 2.472465
134 -0.353537 0.676578
135 -1.359625 2.056606
136 -0.745672 1.695171
137 1.678079 1.375352
138 -1.156606 1.836281
139 -1.548014 2.396820
140 0.799495 1.298816
141 0.406286 1.234003
142 -1.404398 0.170590
143 0.447168 1.239509
144 -0.390481 1.559142
145 -0.116670 1.237086
146 -1.262439 0.974389
147 -0.101184 3.909062
148 -0.912497 1.565191
149 -0.334493 0.560332
150 0.087496 1.197623
151 1.916031 0.914103
152 0.820592 2.505647
153 0.254380 0.164884
154 1.268274 1.448695
155 0.489612 2.108272
156 -0.814763 0.620288
157 2.033725 -0.511005
158 0.366974 1.174657
159 0.115270 1.747821
160 0.595181 1.147538
161 1.132239 1.287951
162 -0.244142 0.555101
163 0.520030 -0.386878
164 0.436594 0.699640
165 -0.979661 1.292446
166 1.061484 0.869473
167 0.347794 2.221741
168 -0.347784 -0.980633
169 0.406457 0.662328
170 1.796484 -0.015217
171 -0.630334 0.970807
172 -0.691945 0.051321
173 0.425653 -1.016754
174 -0.468326 -0.272271
175 0.378318 0.409242
176 -0.570262 0.371208
177 0.596779 0.176094
178 0.434327 2.611519
179 -0.118322 2.566166
180 -0.664667 -0.548889
181 -0.225114 0.435340
182 0.432290 1.198220
183 0.502987 0.066544
184 -1.416699 0.801378
185 0.375572 1.265848
186 0.491678 0.930351
187 -0.072619 1.101015
188 -1.625756 1.863621
189 2.560163 1.644117
190 0.086081 1.409623
191 -0.318114 0.470049
192 0.673328 0.322720
193 0.493347 0.283077
194 -0.715219 2.885993
195 -1.231145 -0.697107
196 -0.018975 0.673279
197 0.204787 -0.357374
198 0.044040 -0.076711
199 -1.115994 0.624698
200 -1.035293 -0.348793
201 1.110836 -0.012772
202 0.007884 1.526118
203 -2.819499 0.603435
204 0.442752 0.509585
205 0.985037 2.410820
206 -0.074322 -0.508191
207 -0.304460 1.578297
208 0.475247 1.432548
209 -0.391092 -0.026837
210 -2.397016 1.564584
211 -1.255919 1.740547
212 -0.303531 1.009285
213 3.161769 1.907336
214 0.537239 1.559625
215 0.068542 1.654062
216 1.761998 2.524472
217 1.872378 3.267516
218 -0.405830 0.920124
219 0.975141 -0.912788
220 -2.253509 0.046755
221 0.356640 0.896240
222 -1.067913 1.797120
223 -0.475985 0.949663
224 -1.730317 2.504438
225 1.707045 -0.740232
226 0.900124 2.124347
227 -0.986844 2.856161
228 -0.517709 -0.762542
229 1.460140 1.900187
230 -0.176907 -0.882445
231 -0.478509 0.720983
232 -0.106480 1.425643
233 0.652699 0.524406
234 -0.547577 1.922323
235 0.112125 0.867447
236 0.547590 0.713615
237 -0.435609 1.619032
238 -0.623856 1.059231
239 -1.661168 1.199961
240 0.992579 1.849387
241 -1.141896 3.091596
242 1.233950 -0.336658
243 -0.320203 -0.376936
244 1.659479 1.300237
245 -0.576794 0.311421
246 -1.213568 1.445691
247 -0.275733 1.451503
248 -0.676482 -0.342559
249 0.053295 2.013320
250 0.451414 1.447919
251 1.317194 -0.381046
252 -1.343468 0.011928
253 1.820938 1.880461
254 0.315899 1.128006
255 -0.418749 0.189061
256 -1.191238 0.153261
257 -1.144108 0.088807
258 -1.448120 0.192192
259 -0.523816 1.062612
260 2.186406 0.816346
261 -0.446084 2.268829
262 -0.444004 -0.669064
263 0.575419 0.767863
264 0.357964 -0.297496
265 0.633245 -0.440128
266 -1.075212 1.796320
267 -0.324503 -0.300135
268 -0.240837 1.019014
269 0.188168 0.002135
270 -0.055175 0.029545
271 0.398259 3.142583
272 -0.826965 -0.325578
273 -0.745368 0.431948
274 -0.362869 3.549284
275 -0.963878 1.994933
276 0.695559 1.110927
277 -0.295064 1.494703
278 -0.307084 -0.222890
279 -1.141717 2.091172
280 1.092041 2.090497
281 -0.653230 1.299654
282 -1.737009 1.224258
283 0.641878 0.409442
284 -1.475287 0.017616
285 -1.165996 0.998176
286 0.297385 -0.147035
287 -0.769271 1.021906
288 -1.220145 0.956923
289 0.329721 2.050370
290 -0.709285 -0.539769
291 0.826936 0.885319
292 0.049652 1.258178
293 0.315710 2.273068
294 1.174842 1.604229
295 -0.254834 -0.240077
296 -0.782852 0.564031
297 0.703410 1.599690
298 0.518216 2.189701
299 1.632899 0.431656
300 1.167219 0.369031
301 0.421850 1.048066
302 -1.724827 -0.030102
303 -1.759933 1.420280
304 0.585621 0.354594
305 -0.053068 0.051332
306 1.001974 1.029226
307 0.884557 1.483165
308 1.128556 1.415614
309 -1.081403 1.222796
310 2.333509 0.032830
311 -2.416904 0.166984
312 -0.929887 -0.880803
313 0.489067 -1.114949
314 1.226236 -0.670151
315 1.405487 0.583872
316 0.786402 2.744427
317 -1.669190 1.340224
318 0.603730 0.516054
319 0.510980 -0.389545
320 -0.206346 -0.921822
321 0.303002 1.784973
322 -0.345301 0.842758
323 -1.782533 0.805116
324 1.768989 2.660645
325 -0.161474 2.169203
326 0.105083 2.147286
327 -0.969519 3.388525
328 -1.007674 0.170868
329 -0.635030 2.872609
330 0.182904 1.658501
331 1.805624 -2.689631
332 -0.747565 1.616085
333 -1.950609 1.571093
334 -1.426597 1.081196
335 -0.284979 0.844224
336 0.392276 0.333518
337 0.537568 1.149880
338 0.092003 2.091938
339 0.669589 0.898480
340 0.804306 1.108039
341 0.304764 -0.909692
342 -2.117146 0.548178
343 -1.058509 1.252850
344 -1.880926 1.481761
345 -0.226179 0.944775
346 0.392911 0.949139
347 -1.212999 1.893490
348 1.144421 1.551742
349 0.380423 0.589844
350 0.547096 2.837801
351 1.134703 0.747945
352 -2.150221 2.486374
353 -0.928217 1.440127
354 0.980130 0.386502
355 -0.312335 1.186629
356 -1.034000 0.498387
357 -1.737486 0.826541
358 0.899924 -0.139207
359 0.822012 0.773016
360 -0.152845 0.044490
361 -0.115526 1.236857
362 -1.018986 0.285811
363 1.014735 0.814541
364 -0.172465 0.991051
365 -1.624063 0.157361
366 0.154058 0.944072
367 0.073913 0.698546
368 -0.764134 1.926036
369 0.719357 2.105092
370 1.208337 -0.689656
371 0.352685 0.770181
372 0.170140 1.355768
373 1.122466 0.855983
374 -0.663837 3.088419
375 1.394911 0.468057
376 -0.650074 1.858764
377 -2.864638 0.281306
378 2.049979 1.907672
379 -0.774669 0.626267
380 -1.162046 -0.112420
381 -1.760132 1.399515
382 -0.173591 -0.915951
383 0.806535 2.113589
384 -0.985154 1.555192
385 1.056945 0.355111
386 0.877315 1.562700
387 -0.970606 2.303837
388 1.685519 1.020880
389 1.774579 0.957612
390 0.223398 1.776546
391 -0.990198 1.988313
392 -0.156421 0.554507
393 -0.043887 1.205807
394 0.557472 1.190005
395 -1.394860 2.044250
396 -1.675560 1.316081
397 1.220549 1.607036
398 -1.496594 2.247658
399 -0.993341 0.552348
400 -0.501492 0.891667
401 0.654565 1.438834
402 -0.452931 1.721249
403 0.090907 0.737757
404 -0.072061 -0.650610
405 2.927666 2.229618
406 1.089984 1.505309
407 1.250219 0.984348
408 1.347794 2.790339
409 2.161558 0.964377
410 -2.020714 0.103629
411 -0.542071 1.658268
412 0.215232 1.764951
413 -0.657552 0.229159
414 -1.576747 1.392259
415 -0.774887 -0.350863
416 -0.037059 0.992737
417 -0.922273 0.567988
418 2.083238 0.824581
419 -0.210322 0.864590
420 0.615285 1.239006
421 -0.366290 1.248485
422 0.447941 1.063776
423 0.968588 0.872341
424 2.154772 -0.226907
425 0.580150 0.381607
426 0.230462 1.015172
427 -0.385945 0.952024
428 -0.041308 -0.719918
429 0.069674 0.574439
430 -0.409126 1.387287
431 -0.002279 1.002016
432 0.776353 -0.050000
433 -0.509266 0.077302
434 1.373104 0.924800
435 0.132996 1.458798
436 1.406207 0.736029
437 0.354854 0.123336
438 0.210898 1.733525
439 1.291029 1.401139
440 -1.691133 0.038169
441 -0.389856 1.557717
442 -1.031304 1.146609
443 -1.614290 1.518110
444 -1.557414 2.830188
445 0.518156 1.718774
446 0.189994 2.042056
447 1.597093 0.580839
448 0.711790 2.154057
449 1.706690 -0.699028
450 0.870316 1.106949
451 -0.104443 1.672685
452 0.185138 1.898334
453 -1.504025 1.377412
454 -0.808034 1.622133
455 -1.467539 2.425043
456 -0.999593 0.535512
457 0.828725 0.839826
458 -0.372141 0.860972
459 -1.297659 1.417981
460 -0.558177 2.356740
461 -0.244076 2.487303
462 -0.507496 0.468042
463 -1.038774 2.225504
464 1.285684 1.616917
465 -0.718554 2.087337
466 -1.196200 1.093882
467 -1.256496 0.291951
468 -0.686080 1.749805
469 -1.720973 1.875629
470 0.933170 0.100364
471 -0.436083 0.649355
472 -0.833334 1.969588
473 -0.590848 -0.432803
474 1.135629 1.837424
475 1.018043 2.086616
476 0.895216 1.171926
477 0.100324 1.342860
478 -1.485147 0.061338
479 -0.004950 1.946050
480 0.681017 1.017375
481 0.364425 0.218955
482 0.254739 -0.696065
483 -1.388012 2.181930
484 -0.399684 0.262524
485 -0.802484 2.523238
486 0.868932 -0.238008
487 -0.993799 0.580907
488 2.048746 0.544650
489 -0.221401 1.945266
490 -1.618746 0.697832
491 0.684651 0.550518
492 0.603221 0.026202
493 3.469023 1.469753
494 -1.205095 1.823678
495 -0.132304 2.048256
496 0.385966 1.086128
497 0.043848 1.504508
498 -0.497097 0.775245
499 -1.044325 1.607869
500 -0.210282 1.242445
501 1.342472 1.159246
502 0.858167 0.711814
503 0.963009 1.471971
504 -0.770099 2.065827
505 1.772402 -0.243300
506 -1.532798 0.281879
507 -0.108772 2.099020
508 0.265425 -2.546923
509 0.429488 1.343531
510 0.267635 0.931054
511 0.803205 1.577532
512 -1.029273 2.214762
513 0.441066 1.451615
514 0.085301 0.049654
515 0.999164 -0.483479
516 -2.181395 1.441822
517 -1.316409 1.342469
518 -0.118825 1.148443
519 -0.008166 2.827212
520 -0.398347 1.715829
521 0.621541 0.384364
522 0.366833 -0.225435
523 -0.086958 -0.874828
524 -1.423133 1.947193
525 -1.259547 2.216895
526 -1.240577 0.170482
527 -1.532283 1.031924
528 -0.642214 -0.121268
529 -1.742914 0.373587
530 0.312663 1.456672
531 1.373775 -0.520083
532 -0.428783 1.221091
533 -0.559542 1.391934
534 -0.048651 1.468392
535 -0.105835 1.058716
536 0.958756 0.124673
537 1.068429 2.194760
538 -1.398281 -0.011501
539 1.231544 0.059904
540 0.372605 1.394497
541 -0.170526 0.467415
542 1.273420 0.585378
543 0.950062 1.123947
544 -1.832221 0.114275
545 -0.505942 2.187680
546 1.876429 0.407694
547 0.161460 -0.241889
548 0.235206 0.832171
549 0.182123 1.383140
550 0.228779 -0.076261
551 0.732026 0.382113
552 -1.750358 0.854026
553 -0.055848 1.106749
554 -0.663139 2.813123
555 -1.837057 1.474811
556 1.188442 1.665767
557 1.136718 -1.232535
558 -1.740174 0.359544
559 -0.565728 -0.000551
560 1.232962 1.143724
561 -0.640388 1.204556
562 -0.052592 1.146044
563 -0.004640 -1.074711
564 -0.825213 0.669280
565 0.514886 -0.132936
566 0.752831 2.037629
567 1.262650 -0.148987
568 -1.943571 0.389787
569 -0.295335 2.121187
570 -1.327218 2.041533
571 -2.112427 1.313277
572 -2.002810 1.268259
573 -0.524549 -0.143275
574 0.954050 0.660859
575 1.044907 -0.404963
576 2.194498 1.580567
577 1.283873 0.615752
578 0.211621 -0.295396
579 -0.281005 1.198326
580 -0.094421 1.391239
581 -0.759885 2.122556
582 -1.650922 2.046118
583 -0.343493 0.735369
584 -0.131158 1.097671
585 0.308282 0.898004
586 -0.257755 1.050402
587 -0.548705 0.533540
588 -0.548755 -0.000167
589 1.092801 0.432100
590 -0.443430 0.360868
591 0.465695 1.704216
592 -1.420813 0.456848
593 -1.440238 1.486374
594 0.337642 1.056126
595 0.784077 0.814178
596 0.129158 0.182567
597 0.559026 1.259259
598 0.270276 2.291908
599 0.557225 1.220607
600 1.284072 1.204040
601 -1.358626 0.587590
602 -0.115745 1.359323
603 -0.421214 1.092637
604 0.145192 2.211462
605 1.132175 1.679289
606 -0.614337 0.501082
607 0.004900 1.942736
608 -0.437779 1.256295
609 1.791091 -0.272197
610 -0.230330 2.426795
611 0.275472 1.294132
612 -0.766768 1.378516
613 -0.610238 2.328815
614 -0.280348 1.142556
615 -0.383050 2.520105
616 -0.663558 0.819324
617 0.320909 2.996255
618 -0.933792 -0.312864
619 -0.586608 -0.293452
620 0.602060 1.881778
621 0.446561 -0.591794
622 0.208713 1.639263
623 0.561974 2.922291
624 0.090429 1.633010
625 0.417443 0.649675
626 -0.015678 1.912259
627 2.292716 2.430535
628 1.372400 1.827599
629 -0.012432 1.159986
630 0.356064 1.399147
631 -0.331649 2.300594
632 -0.963842 -0.145589
633 1.846696 -0.206753
634 -1.582563 2.357838
635 -1.436184 3.013540
636 -1.379056 2.801618
637 0.313479 1.518172
638 -0.797158 0.010124
639 0.000541 2.659081
640 -0.983393 0.407503
641 -1.041103 2.847070
642 0.803444 0.261355
643 -0.414115 1.030325
644 -1.658189 0.350155
645 -1.544324 0.349217
646 -0.319173 0.072676
647 -1.593782 2.203587
648 -1.295869 -0.195625
649 1.007480 1.518473
650 1.202671 -0.278605
651 0.222273 1.247161
652 -0.566746 -0.389188
653 -0.554745 1.396011
654 -0.076809 3.200140
655 0.207072 -0.341611
656 -0.234344 1.749923
657 1.728069 0.760450
658 1.887222 -0.362158
659 -0.642142 1.843827
660 -1.602240 1.137159
661 0.100638 2.453516
662 0.671199 2.880618
663 -1.546815 0.709192
664 0.769136 3.791245
665 0.680499 0.602387
666 0.421824 0.359031
667 2.177992 0.909081
668 0.491649 2.654197
669 -0.075948 0.607711
670 -0.050869 0.414098
671 2.110660 0.221425
672 -0.370918 0.060157
673 1.305155 1.344328
674 -0.160597 -0.378767
675 -1.043109 0.445012
676 -1.146527 1.111395
677 -1.490340 -1.446677
678 0.509522 -0.256564
679 -0.230551 1.054288
680 1.057307 2.029976
681 -0.668480 0.487476
682 -0.440541 1.602468
683 -0.479071 0.569469
684 -0.682729 2.004721
685 -0.023980 0.287161
686 -1.330452 0.058241
687 0.836266 3.221953
688 -1.278036 0.768689
689 -0.690432 2.158752
690 -0.035191 1.756637
691 -1.281958 0.718621
692 -0.152483 0.881120
693 -1.253769 1.440992
694 0.708699 0.802255
695 0.776468 1.377100
696 1.308448 0.833131
697 -0.466066 2.484473
698 2.260501 -0.012687
699 0.648649 0.324914
700 0.166056 0.559837
701 0.513081 1.236456
702 -0.070731 -0.561628
703 -0.912346 1.231811
704 -2.153773 -0.497680
705 1.705769 -0.035677
706 -0.642016 1.948290
707 -2.420029 1.103694
708 -0.075985 0.050996
709 -0.108655 1.460021
710 -0.499872 0.721237
711 -0.016601 -0.298306
712 -0.710882 2.068628
713 0.907256 0.886390
714 -0.336419 1.102787
715 -1.110057 0.099995
716 -1.550466 1.446495
717 0.795645 2.054837
718 0.278254 0.466221
719 0.973820 1.818638
720 -0.899968 2.298974
721 0.976646 -0.110238
722 -0.861456 0.933640
723 -0.764146 0.847090
724 1.654088 1.146438
725 -0.692156 1.062079
726 -0.557673 -1.093976
727 0.182099 0.812226
728 -1.955706 1.915045
729 -0.168361 1.445373
730 -0.034727 -0.579977
731 0.679844 0.818991
732 0.626399 0.655342
733 0.133445 0.077595
734 -0.063647 0.969722
735 -0.985007 -0.753558
736 -0.997711 1.958935
737 -0.775761 0.213606
738 0.619258 -0.965298
739 0.334387 2.582269
740 1.623478 1.226968
741 -1.506815 1.739232
742 0.674833 3.265355
743 -1.965985 1.223698
744 -1.193020 1.885829
745 1.228989 -0.336019
746 1.708327 1.235775
747 -0.449250 1.350278
748 -0.516097 -0.963583
749 0.240608 2.969920
750 1.137178 1.571924
751 -1.628276 -0.519799
752 -1.056519 1.649103
753 -0.009654 1.359306
754 0.043817 0.969336
755 0.076079 0.213943
756 0.462800 1.129642
757 0.744639 3.088505
758 -0.043311 3.291338
759 -2.248373 1.428932
760 1.693033 0.882275
761 1.369705 1.674561
762 0.856697 -0.236825
763 -0.393934 1.945709
764 0.448866 0.120746
765 -0.138765 -1.070383
766 -1.035536 0.064261
767 0.200771 0.579044
768 -0.284837 1.911866
769 0.356361 0.435554
770 -1.685996 0.563593
771 -0.172546 0.953358
772 0.113372 0.170241
773 0.543495 1.115166
774 -0.265375 1.321140
775 0.599552 1.512290
776 -0.196503 1.369001
777 0.362984 0.449704
778 0.556930 2.626764
779 1.717406 0.229329
780 1.967469 -0.245503
781 -1.278957 1.599241
782 0.216630 0.183908
783 1.311944 1.798844
784 -0.694406 1.352739
785 0.704899 0.617268
786 0.092734 1.473749
787 0.232525 1.124189
788 0.009238 -0.262703
789 -0.332629 1.617775
790 0.358280 2.472056
791 -0.913442 2.203027
792 0.368442 1.960064
793 0.786293 1.307460
794 -2.034574 0.753709
795 0.298552 1.483119
796 -0.181385 2.922811
797 0.683468 1.757055
798 -0.598322 0.765575
799 -1.875361 -0.018247
800 0.719687 1.759159
801 0.786410 1.696492
802 0.245491 1.903919
803 -1.363425 -0.505511
804 0.314874 0.429265
805 0.485534 1.409423
806 0.683363 1.039792
807 -1.058762 2.303242
808 -0.204084 -0.215110
809 -0.268902 -0.807511
810 0.828903 1.596867
811 0.579759 2.239743
812 1.446936 2.306691
813 1.879654 0.221149
814 1.793964 1.449146
815 -0.539352 0.165996
816 -1.281410 0.090143
817 0.093702 -0.030213
818 -1.508297 1.420971
819 0.830413 -0.400613
820 1.580364 1.752425
821 0.489241 0.274305
822 0.207952 1.661722
823 0.414868 0.690868
824 -1.473202 1.581398
825 -0.462261 2.010419
826 -0.671144 0.958920
827 0.388998 0.109352
828 -1.138314 -1.333273
829 -1.482327 2.367557
830 0.254296 0.167428
831 -1.447177 -0.596419
832 0.881309 1.126458
833 -0.371294 1.015542
834 -1.120119 -0.116196
835 -0.342471 1.267995
836 0.903432 2.094743
837 -2.529553 -0.575388
838 0.872954 -0.879422
839 -0.718095 1.786671
840 -0.598657 2.193080
841 0.612761 0.056826
842 0.068128 0.907984
843 1.607313 0.539018
844 -1.025968 3.788455
845 -0.579679 0.270129
846 -0.724356 0.605181
847 -1.563944 -0.016966
848 0.854196 0.847132
849 -0.611948 2.478935
850 -0.019177 1.189506
851 -0.288752 1.380978
852 0.240282 -0.308112
853 -1.757561 0.291350
854 0.205842 0.973969
855 -0.955993 2.042172
856 2.046613 1.701550
857 0.719158 -0.832069
858 -1.537181 0.850879
859 -0.793759 1.756835
860 -1.856812 0.893522
861 -0.076092 0.552991
862 -0.344314 0.560947
863 -0.513777 0.698088
864 -3.074582 1.143149
865 -0.929407 0.275669
866 0.276763 1.707243
867 -0.923596 1.694356
868 -0.514964 3.410043
869 0.446031 -1.100735
870 1.249772 0.025241
871 0.422183 2.854856
872 -0.112336 0.739779
873 1.237324 1.879715
874 1.848418 -0.103734
875 1.109905 2.825925
876 1.212315 0.869767
877 -0.162218 0.736188
878 -0.114795 1.185393
879 -0.559408 -0.931058
880 -0.293176 -0.360611
881 1.485398 -0.258441
882 0.834728 1.384931
883 -1.038524 1.251165
884 0.563905 0.980995
885 0.279195 2.157986
886 0.581044 0.705725
887 0.695534 1.209762
888 0.753529 -0.216838
889 -0.138204 2.592040
890 0.859376 1.178136
891 0.843148 -0.464969
892 0.585551 -0.670851
893 0.517320 -0.042384
894 1.177605 0.915975
895 -1.632550 2.421271
896 0.497028 -0.001730
897 -1.540419 1.638379
898 -0.742168 0.251339
899 1.983483 -0.228389
900 0.728947 1.258348
901 0.349323 0.792951
902 2.335245 -0.628874
903 0.548938 0.629610
904 -1.323483 1.420348
905 0.906375 3.130759
906 0.917763 2.310458
907 1.576890 1.852005
908 0.188121 -1.752666
909 2.543140 0.308913
910 -0.404511 1.681308
911 -1.939305 0.400813
912 0.414995 0.304246
913 -0.996432 -0.080849
914 1.181278 -0.116437
915 1.043120 0.817388
916 1.111309 1.285248
917 -0.419441 1.107069
918 1.045976 1.419866
919 2.391802 1.295212
920 0.348163 0.332263
921 -0.554722 1.134472
922 -0.126452 1.257186
923 0.166969 1.359355
924 -0.500643 1.478798
925 -0.245869 2.107638
926 0.079609 0.728543
927 -0.438988 -1.151109
928 -0.139455 2.048215
929 1.963164 1.635689
930 -0.764507 1.294461
931 0.758078 -0.366290
932 0.582849 3.206093
933 0.567283 -1.065058
934 0.561660 3.099337
935 -0.335131 -0.076513
936 -1.229964 0.797864
937 -0.989672 2.233235
938 1.257813 0.607104
939 -1.647186 -0.293200
940 3.169370 1.257196
941 1.504610 1.077027
942 -0.994769 1.868929
943 -0.262656 0.254913
944 -0.927136 2.374232
945 0.872836 1.873795
946 0.245683 0.912797
947 -1.360830 1.864720
948 -0.577305 1.095631
949 -0.666797 1.527605
950 1.068515 -0.598892
951 0.201299 1.960630
952 0.185948 0.800100
953 -0.092866 1.200262
954 -1.031596 1.568215
955 0.946126 0.654641
956 0.744785 1.047812
957 -0.414636 -0.757166
958 -0.139035 0.496225
959 1.458008 0.589337
960 -0.126121 1.379349
961 2.821790 3.111309
962 0.606772 1.639662
963 -0.181561 1.003066
964 -1.849868 1.809439
965 0.978066 2.047539
966 -0.809061 0.910931
967 0.407014 1.212392
968 -0.873206 -0.548547
969 1.714536 1.154028
970 -0.231051 1.281116
971 0.892027 0.361516
972 0.488630 1.360708
973 -1.475823 2.307186
974 -0.260179 0.253274
975 -1.459593 1.406221
976 0.200347 1.147083
977 0.423956 1.789843
978 -0.687233 1.260483
979 0.935948 0.316724
980 0.025920 1.624039
981 -0.617738 1.184663
982 1.379797 1.807473
983 1.127381 1.564919
984 -1.057857 1.912294
985 0.726150 1.592383
986 -0.622776 1.246395
987 -1.208293 -0.190254
988 0.369908 0.466348
989 0.649960 1.945024
990 -0.168183 1.556564
991 -1.025558 0.496931
992 -1.255050 1.584015
993 0.295833 1.706078
994 -0.048575 2.152699
995 -0.097543 -0.894350
996 0.666959 1.539011
997 1.415623 2.130286
998 -0.320049 0.636540
999 -0.023373 1.457922
