0 2.711514 0.371955
1 1.089617 -1.760020
2 1.956013 0.598359
3 1.731132 1.077798
4 1.978281 0.260808
5 0.926689 -0.843955
6 1.074042 -0.758210
7 0.444541 -0.760415
8 2.501819 0.546894
9 1.675470 -0.277153
10 0.829106 -0.444886
11 2.557345 -1.118971
12 2.002292 -0.761893
13 1.461260 -0.060864
14 0.929154 -1.086251
15 2.157529 -0.887392
16 0.599836 -0.966234
17 1.836150 -1.221037
18 2.621952 -0.112787
19 1.696937 -1.462500
20 0.371850 0.066684
21 1.354635 0.927958
22 -0.005948 -1.178082
23 1.350024 -0.221000
24 2.297276 -0.738345
25 2.154448 -0.063242
26 1.135322 -1.501181
27 1.778187 -0.865961
28 1.187458 0.065335
29 1.313636 -0.981736
30 0.505187 -0.010553
31 0.159704 -0.061606
32 2.350516 -0.674936
33 2.287259 1.045187
34 0.466655 0.242011
35 -0.290759 -0.982012
36 1.144927 -0.460408
37 1.722461 0.245319
38 3.059366 0.541626
39 2.694252 -1.312204
40 1.803674 -0.958495
41 1.868997 -0.436591
42 2.553699 -0.767419
43 0.522056 -1.981771
44 0.948924 -0.398348
45 1.146132 0.182189
46 0.941960 -0.910418
47 0.392963 -0.467194
48 0.534467 -1.058090
49 0.743521 -1.361103
50 0.382702 0.087912
51 2.056662 0.602176
52 1.127396 -1.288130
53 1.865751 -0.215514
54 1.247358 0.744132
55 1.145110 -0.187996
56 1.443702 -0.164425
57 2.067618 -2.376448
58 0.922458 0.114642
59 2.399338 0.314835
60 1.367642 -0.638721
61 0.032901 -0.530698
62 2.014169 1.769491
63 1.361226 -0.098972
64 0.717232 -1.003106
65 1.322726 -1.923125
66 1.289301 0.446351
67 1.045039 -0.833365
68 1.310778 -0.777421
69 2.558832 1.418114
70 0.235399 -0.100362
71 1.074454 0.157482
72 2.299502 -0.527577
73 0.931131 0.280536
74 1.288211 1.017826
75 1.196757 0.270306
76 0.774379 -0.378780
77 0.871340 0.590172
78 1.277843 0.444429
79 2.193278 -0.840374
80 2.034133 0.829302
81 1.989467 0.204743
82 0.396921 -1.283120
83 1.554148 -0.703338
84 0.284520 -0.520552
85 1.386175 0.821478
86 1.745157 -1.578346
87 0.598657 0.175177
88 0.724914 0.435397
89 2.813629 1.396933
90 1.326172 -0.495198
91 0.548374 -0.692581
92 1.010689 0.371537
93 1.936264 0.286150
94 0.522828 -0.894450
95 1.470419 -0.876491
96 1.308833 1.073797
97 0.910219 0.370914
98 2.192582 0.647615
99 0.901679 0.018822
100 2.683808 -1.317594
101 1.488497 -0.612401
102 2.734127 0.716199
103 0.054324 -0.515011
104 0.992399 0.235465
105 1.673602 -1.017276
106 0.922809 0.060297
107 0.795901 -1.383689
108 1.312028 -0.787677
109 -0.117176 -1.941793
110 1.274237 -1.367863
111 0.464846 -0.037535
112 1.825653 1.530492
113 -0.239737 -1.840786
114 1.667106 -1.546094
115 1.111998 0.903297
116 1.769554 0.168021
117 2.871490 -0.033366
118 1.546708 -1.518648
119 1.010171 0.232027
120 1.758224 0.531628
121 0.669249 -1.667075
122 1.942277 0.966773
123 3.973259 0.917286
124 0.746982 0.545764
125 1.203735 -0.940638
126 0.124064 -2.466412
127 -0.118078 -1.453125
128 1.711939 -1.459613
129 1.844218 0.413516
130 2.081809 -1.805144
131 1.058390 0.202886
132 2.014827 0.212248
133 1.853735 0.853864
134 0.244569 -1.638220
135 0.790043 -0.365892
136 1.495923 -1.447105
137 0.545682 0.278240
138 1.656937 1.062894
139 1.101575 0.276933
140 2.592701 -0.572787
141 1.453578 -0.119611
142 1.282661 -0.062207
143 0.933307 -0.516361
144 1.270882 0.280604
145 0.496472 -2.144055
146 1.826349 0.537048
147 1.240142 0.663171
148 0.878501 -0.402375
149 0.626836 -1.476624
150 1.886374 0.845701
151 3.173942 -0.753660
152 1.327341 -0.488418
153 -0.246420 -1.443698
154 2.285992 -1.092323
155 0.102884 -0.206602
156 -0.155188 -0.369869
157 0.818726 0.326746
158 1.493007 -1.905623
159 0.429943 -0.172541
160 1.903172 0.750449
161 1.177165 0.365983
162 2.145797 -0.557336
163 2.142460 -1.329316
164 1.041544 -0.080367
165 0.491334 -0.944953
166 4.171606 -1.907743
167 2.621699 -1.754839
168 1.041627 -0.106469
169 1.008104 -1.055986
170 1.009227 0.171228
171 1.512502 -0.062514
172 1.375090 -0.528732
173 1.579276 -0.479968
174 1.035439 0.638385
175 0.428878 -0.060137
176 0.640959 -0.566833
177 1.026787 0.513427
178 1.816210 -1.802023
179 1.903255 -0.873945
180 0.276147 0.057214
181 1.094812 0.545074
182 2.243940 -0.277907
183 1.507314 -1.058153
184 2.287577 -1.120665
185 0.808456 -0.292813
186 0.210775 -3.027378
187 1.009561 -0.722787
188 0.318721 -1.376021
189 0.911224 -0.135667
190 1.826751 -0.175098
191 1.227153 0.005873
192 1.194220 -1.207528
193 1.805553 0.532167
194 -0.626812 -0.926333
195 0.640727 0.266742
196 1.017162 -1.445069
197 1.967812 1.676981
198 2.309455 -0.368708
199 1.483782 -0.154552
200 2.688873 -0.975779
201 0.209711 -0.013275
202 0.723581 -1.173988
203 1.204219 0.350687
204 1.448097 0.681842
205 0.429309 -0.160242
206 0.699345 0.377694
207 2.615632 -0.634265
208 0.597841 -2.303609
209 0.389375 -1.410357
210 0.755328 -0.719182
211 1.107384 0.883666
212 0.976066 -0.208285
213 1.152417 -1.299435
214 0.614104 -0.349946
215 3.541560 -1.124128
216 3.695634 0.615031
217 1.624087 -0.214775
218 1.557151 0.431179
219 0.090758 -0.198234
220 1.943705 -0.463109
221 1.477700 -0.694498
222 0.324625 -0.240002
223 1.326589 -1.545641
224 0.940100 -0.832317
225 0.736067 -0.456999
226 2.497492 1.160928
227 1.088614 0.816876
228 2.969625 -1.440433
229 0.383536 -1.372321
230 0.792968 0.343462
231 1.732340 0.406703
232 1.983316 0.056998
233 0.674070 -0.328736
234 2.147671 -1.358740
235 0.539343 -0.318113
236 1.820917 -0.285126
237 0.757695 -1.822964
238 2.613257 -1.094011
239 0.662539 -0.852093
240 0.746044 -0.360501
241 0.884819 -0.022780
242 0.181455 -1.305626
243 1.148378 0.182071
244 0.962935 0.432420
245 0.386469 -2.092773
246 0.792827 -0.204941
247 1.726046 1.207871
248 2.790174 -0.606875
249 2.652380 0.096851
250 0.839784 -1.135371
251 1.375778 -0.930337
252 2.615486 0.693835
253 1.546427 -0.410294
254 1.113228 -1.671480
255 2.472118 -0.702182
256 0.158119 -0.546673
257 0.321237 -0.207222
258 2.598242 0.329891
259 1.004749 -0.039670
260 -0.132917 -0.501162
261 1.830110 0.695460
262 1.370092 -0.172033
263 2.033431 1.333078
264 2.055703 -0.538991
265 1.984354 1.426987
266 0.382416 -1.314532
267 2.133956 -0.553041
268 2.637302 -0.247606
269 2.557596 0.765358
270 1.527502 -0.659337
271 0.158305 -0.241403
272 3.219219 1.918242
273 3.032198 0.195622
274 0.543752 -1.213709
275 0.338444 -0.721487
276 2.078342 1.132714
277 1.917325 0.612209
278 1.368484 -1.802060
279 1.502072 -1.182942
280 0.260002 -1.151518
281 2.766715 0.532983
282 0.665116 -0.168178
283 1.047955 0.400508
284 0.064020 -0.316121
285 -0.066663 -0.876076
286 0.799681 -1.024073
287 2.354997 -1.425545
288 0.974877 0.288169
289 1.607994 -1.591045
290 1.443586 0.169181
291 0.267069 -0.742666
292 1.159826 0.743005
293 1.004688 -0.852938
294 0.736482 0.087619
295 1.779986 -0.167662
296 0.742822 -1.276300
297 -0.039135 -1.755205
298 0.944215 0.636616
299 1.024498 -1.265208
300 2.147166 -1.030285
301 1.881958 -1.175650
302 1.251482 -0.005962
303 -0.112419 -1.518765
304 1.338345 0.217521
305 0.427212 -1.667905
306 2.253485 0.321021
307 0.709631 -0.170132
308 1.201578 0.169141
309 1.192309 -1.498224
310 1.989743 -0.076004
311 2.877935 0.438780
312 2.303763 -0.616412
313 2.356278 0.885760
314 2.460683 1.340196
315 0.920655 0.661708
316 1.495980 -0.618275
317 3.102214 -0.123652
318 0.815561 -0.369301
319 2.099083 1.595279
320 0.567900 -0.509577
321 2.055703 1.344829
322 1.718908 -0.601040
323 2.136517 0.220889
324 1.367118 -0.363968
325 1.766939 -0.356843
326 0.875556 0.307377
327 2.495168 -0.525848
328 0.786848 -1.339373
329 2.189244 -0.695009
330 1.358954 -0.654962
331 1.682580 0.374624
332 1.120664 0.505292
333 1.039959 0.349229
334 3.318128 -0.117080
335 1.906638 1.185634
336 2.018292 1.155531
337 0.196260 -0.250261
338 0.419400 -0.401713
339 -0.157915 -1.051190
340 0.045559 -0.218752
341 1.718365 -0.786678
342 1.005638 -0.553939
343 1.523131 -0.664369
344 0.275571 -0.026783
345 1.102903 0.143379
346 2.404834 0.246212
347 0.839698 -0.251744
348 1.048106 0.019205
349 0.483467 -0.554035
350 1.122454 -1.113918
351 2.275250 0.318969
352 1.964966 -0.291711
353 0.547756 -1.131470
354 0.469908 -0.769173
355 0.766280 0.076121
356 1.669808 -0.126187
357 3.102047 -1.325256
358 2.968339 -0.586671
359 0.174197 -0.823150
360 3.142041 -0.374638
361 -0.325868 -0.915018
362 1.781447 -0.037058
363 1.126796 -2.458491
364 1.505330 0.191883
365 -0.056068 -0.687078
366 2.209675 0.339325
367 2.197056 0.991050
368 1.735674 -0.405083
369 1.930885 -0.619115
370 1.118657 -1.102496
371 0.535358 -0.368626
372 1.281481 -0.603389
373 2.207653 0.232489
374 -1.174440 -2.265021
375 0.863144 -0.466246
376 1.156369 -0.197662
377 2.044254 -1.179174
378 2.517161 -1.412378
379 0.301228 -0.842553
380 0.894427 -0.064316
381 2.696641 0.967980
382 1.543339 0.357415
383 3.123677 0.504517
384 1.931659 0.438318
385 1.664644 0.591508
386 1.939769 0.127885
387 1.645673 0.591094
388 1.921721 0.945019
389 1.781927 0.914721
390 0.234255 -0.320402
391 2.526365 -0.356649
392 1.874659 -1.262579
393 0.811734 -0.058650
394 0.546125 -1.238843
395 1.469996 0.462491
396 1.628044 0.164352
397 1.331708 -0.567323
398 1.392275 0.672266
399 0.915016 -0.929327
400 0.984833 -0.387431
401 2.360215 0.627832
402 1.324566 -1.401627
403 2.229835 0.325268
404 1.582175 0.191068
405 2.942420 0.550751
406 1.195325 0.122843
407 2.318210 0.870816
408 0.860549 -1.197709
409 1.104860 -1.974122
410 0.985004 0.697339
411 1.139539 -1.780319
412 2.504784 0.166035
413 2.462336 -0.629976
414 0.389254 -0.795532
415 -0.049319 -1.356574
416 0.309122 -0.710251
417 1.977097 -0.058302
418 1.515411 0.161789
419 2.903465 2.318856
420 0.363926 -0.236898
421 1.482698 -0.543343
422 0.582935 -1.214542
423 3.497591 1.478685
424 0.403671 -1.645940
425 2.462254 0.689927
426 0.270842 -1.177268
427 0.234031 -0.581140
428 1.998662 0.249950
429 1.193986 0.162955
430 1.021741 0.367719
431 0.267649 -0.060534
432 1.827657 1.275358
433 0.384106 -0.189210
434 1.148429 0.856502
435 1.812638 -1.875676
436 0.455409 -0.107002
437 2.234064 -0.106925
438 1.461102 0.249412
439 0.568830 -0.789165
440 1.975133 0.467437
441 0.911418 0.509852
442 1.114141 -1.067866
443 0.851559 -0.359774
444 1.424532 -0.345745
445 0.701296 -1.872535
446 2.233779 0.346003
447 2.324606 -0.179362
448 3.168050 -1.023203
449 2.393755 0.756102
450 1.641484 -0.141001
451 -0.839416 -1.810215
452 1.457090 0.914428
453 1.630023 0.548210
454 1.972520 0.621796
455 1.321874 0.728485
456 1.074054 0.484545
457 0.092157 -0.873377
458 1.917184 -2.176654
459 1.376439 0.790798
460 1.448838 0.698405
461 0.412357 -0.007722
462 1.401613 -1.821633
463 0.818474 -1.165066
464 0.780030 -0.584365
465 -0.408951 -2.333308
466 0.841679 0.048123
467 0.477573 -0.294341
468 2.469856 0.291787
469 0.761721 0.056629
470 1.599766 0.335915
471 1.155385 -0.870449
472 1.145836 -0.075790
473 1.911730 -1.601392
474 0.781818 -1.391548
475 0.280431 -0.381625
476 0.442018 -1.507900
477 0.767429 -1.223180
478 0.668026 -2.251493
479 0.095178 -0.629188
480 2.294874 -0.405908
481 3.201567 0.800697
482 2.654203 -1.310394
483 1.607771 -0.217901
484 1.533493 -1.146519
485 2.412662 0.316936
486 1.007497 -1.162856
487 1.157497 0.164129
488 2.582041 0.583684
489 1.496533 -0.321403
490 -0.322658 -1.470315
491 1.276039 0.224573
492 0.245621 -0.723770
493 1.099140 -0.561192
494 1.782263 1.051185
495 1.410277 -1.464467
496 1.621663 -0.003455
497 1.346794 0.768776
498 0.230703 -1.078560
499 1.432748 0.678039
500 2.527170 -0.476164
501 1.804313 -1.337454
502 2.004646 1.046098
503 2.197648 1.466441
504 3.226742 -0.333505
505 0.476982 -0.514302
506 -0.690026 -1.537363
507 2.076876 -1.366335
508 3.857641 0.194977
509 2.813678 -0.447376
510 2.725029 0.745512
511 0.622368 -0.779292
512 0.826697 0.588627
513 3.181000 -0.967675
514 1.489596 0.210082
515 0.560800 -0.911136
516 0.859351 0.056831
517 -0.231254 -0.742590
518 1.109005 -1.253083
519 2.083996 -0.711126
520 1.333390 0.866177
521 1.664600 -0.104152
522 1.570687 -0.444054
523 1.361386 -0.726913
524 0.546776 -1.958572
525 0.895956 0.117242
526 1.643759 0.354105
527 0.965769 0.665190
528 2.231934 -1.658711
529 -0.133947 -0.595286
530 0.998232 0.551565
531 2.014406 -1.097912
532 0.646149 0.071134
533 0.227522 -0.925897
534 2.368744 -1.279901
535 1.424891 0.541287
536 1.622094 0.802045
537 0.524625 -0.512142
538 0.641777 -0.933333
539 1.109747 -0.312522
540 2.158855 0.506694
541 2.364614 0.346616
542 2.512980 0.876550
543 -0.150896 -1.443262
544 1.205257 -0.466727
545 2.257328 0.178824
546 1.495296 -0.061426
547 1.335708 -0.349408
548 1.436566 0.165570
549 0.483392 -0.140099
550 0.170516 -0.453840
551 1.414925 0.552158
552 0.023033 -2.106375
553 1.169663 -0.643924
554 0.345574 -0.614220
555 0.768893 -1.542032
556 0.946532 -0.341125
557 0.207346 -0.767292
558 1.626245 -0.183425
559 0.661008 -0.650693
560 1.361917 0.685011
561 2.682554 0.555442
562 1.222366 0.279233
563 1.375175 -1.936802
564 1.391950 0.465046
565 1.562034 -0.632373
566 2.416033 1.636031
567 2.404642 0.157191
568 2.807108 1.181125
569 0.490183 -0.473079
570 1.750425 0.387444
571 1.153690 -1.018920
572 1.772948 -0.914108
573 0.696897 0.048649
574 1.555901 -0.548799
575 0.487066 -0.245734
576 -0.044140 -0.777043
577 0.722526 -0.861894
578 0.742901 -0.739220
579 -0.159428 -0.474703
580 1.330175 -0.794101
581 1.945272 0.194374
582 1.935744 0.393730
583 1.869684 0.776432
584 1.134757 -1.052502
585 -0.010341 -0.825957
586 0.716248 -0.329998
587 0.690820 -0.990129
588 1.785316 -0.456527
589 2.081033 -0.425900
590 2.203497 0.272384
591 1.456844 0.706113
592 1.155856 0.220587
593 1.574005 0.103106
594 2.099223 -0.717722
595 -0.287253 -1.764067
596 0.841809 -0.761072
597 0.799106 -3.002712
598 2.016001 -1.600784
599 1.379891 1.039789
600 1.614863 -0.954990
601 0.783888 -0.261068
602 0.898267 -0.220993
603 1.051632 -0.542357
604 0.181591 -0.704322
605 2.008801 0.660632
606 0.952816 -0.821319
607 0.163013 -0.808016
608 1.172436 -0.130242
609 0.660465 -0.868740
610 1.672486 -0.576327
611 0.015029 -0.798229
612 2.143970 0.583430
613 1.394759 -0.527071
614 2.605771 0.044633
615 2.134671 -2.238067
616 0.128587 -1.094663
617 1.292186 0.641221
618 1.034933 0.338674
619 1.359790 0.742457
620 2.358872 -0.143576
621 0.289313 -1.199183
622 1.406432 -0.635715
623 1.359129 -0.275083
624 1.827619 -0.143189
625 1.409374 -0.133568
626 1.345919 0.055293
627 0.194921 -0.174967
628 1.087003 -0.847932
629 0.325518 -0.717978
630 1.427158 -0.007010
631 3.489399 -1.362489
632 1.306162 0.936410
633 2.532236 -0.778523
634 0.872261 -0.779544
635 2.416933 1.009989
636 1.836768 0.676667
637 0.596128 -0.876955
638 -0.821035 -1.987157
639 2.334658 -0.819940
640 0.518201 -0.874575
641 0.245481 -0.226749
642 1.442207 1.046371
643 1.301587 0.375102
644 0.928096 -0.810622
645 4.230158 1.344630
646 -0.925209 -1.713184
647 1.459384 -0.354155
648 2.136903 -1.153971
649 1.627657 0.802752
650 -0.093734 -1.041814
651 1.955469 -0.100074
652 0.941996 0.519082
653 2.144835 0.565469
654 3.136958 1.207804
655 1.768570 0.464725
656 2.452535 0.772421
657 2.077587 0.219409
658 1.906156 -0.484749
659 2.295738 1.038060
660 1.295712 -0.127943
661 1.221791 -0.661049
662 2.000968 -0.819538
663 0.072317 -0.296178
664 1.768875 -0.415711
665 0.044112 -0.701301
666 3.035765 -1.140118
667 1.560626 0.554334
668 1.279416 -0.077109
669 1.948300 0.933913
670 1.576259 -0.923305
671 1.810174 1.029872
672 2.903709 -0.274264
673 2.071637 -1.609498
674 2.412452 0.639228
675 -1.237718 -2.091818
676 1.112638 -0.878640
677 0.328261 -0.582055
678 0.862052 0.441952
679 2.262942 1.414639
680 0.674658 0.411325
681 1.254716 -0.222551
682 1.181527 -1.943591
683 2.104999 0.212856
684 0.886314 -0.017366
685 1.556089 1.299602
686 0.577364 0.106244
687 1.636751 1.061646
688 0.305862 -0.306139
689 0.385094 -0.395498
690 -0.330984 -0.675799
691 1.375841 -1.036811
692 2.590239 0.901274
693 0.596460 -1.315818
694 2.514567 1.034967
695 0.426447 -0.491389
696 1.833211 -0.570165
697 -0.460723 -1.069690
698 1.091775 0.144453
699 2.214873 0.252167
700 0.283890 0.017449
701 1.374079 -0.766830
702 1.173640 -0.560806
703 0.130505 -0.473834
704 2.195544 -1.787452
705 0.261943 -0.223604
706 2.126317 1.321627
707 1.237335 -2.237913
708 -0.248419 -0.808131
709 2.832829 -0.839311
710 0.296579 -0.154835
711 0.957001 0.546381
712 1.769324 0.658261
713 1.466937 0.234298
714 1.952200 -0.102468
715 1.187714 -0.911615
716 1.561331 -0.091746
717 1.461008 -0.725442
718 1.885492 -0.319478
719 1.844511 -1.400726
720 0.793704 0.053656
721 0.418308 -0.663103
722 1.062862 0.141190
723 2.471934 0.322406
724 2.155660 -0.725995
725 1.116474 0.803649
726 2.122675 1.858853
727 2.315534 -0.443442
728 -0.033643 -0.303793
729 1.847780 0.077014
730 2.089478 -0.296779
731 2.703041 0.364176
732 0.819181 -0.635986
733 0.172512 -1.007461
734 1.673357 -0.855086
735 0.974749 0.198824
736 2.408307 0.450679
737 2.031044 0.418832
738 0.485764 -1.208125
739 1.192616 -0.055838
740 1.043442 -0.136352
741 3.712050 0.439246
742 1.758198 -0.607511
743 3.518113 0.562007
744 0.483033 -0.919588
745 2.092968 -1.126919
746 0.723018 -0.574858
747 0.488796 -0.420846
748 2.192459 0.897264
749 1.942349 0.340826
750 1.562125 0.597599
751 0.553567 -0.386360
752 1.017572 -0.420651
753 -0.102572 -0.775479
754 2.775963 -1.018382
755 2.012162 0.558162
756 0.991598 0.356503
757 1.222257 0.210292
758 1.545384 0.229783
759 2.096080 0.366735
760 1.672915 0.191360
761 1.764634 -1.659333
762 -0.152771 -1.727461
763 1.821167 -1.339055
764 1.556334 -1.327482
765 1.580773 -1.072646
766 1.939570 -0.265114
767 2.535703 -2.583722
768 -0.274900 -2.424814
769 -0.430173 -1.344774
770 1.338628 -0.950522
771 1.805382 -0.591251
772 2.670338 1.813216
773 1.492067 -1.432951
774 1.111887 -1.911795
775 1.303708 -1.161577
776 0.972160 -0.055584
777 1.538550 1.052770
778 0.045952 -0.521774
779 1.352643 0.864754
780 0.282837 -0.561873
781 -0.425640 -1.119757
782 1.917354 -0.362963
783 2.305123 1.858627
784 0.771926 -0.776498
785 1.804129 0.501152
786 1.413188 0.101994
787 1.245701 0.917326
788 0.141424 -0.522641
789 2.279833 -0.256001
790 1.286969 -0.020751
791 2.186003 -0.870155
792 1.144856 -0.836426
793 0.603694 -0.473635
794 0.986710 -0.299427
795 3.589485 -0.216289
796 -0.233644 -1.108184
797 1.320360 0.024824
798 2.252824 0.137802
799 0.706386 -0.425909
800 0.751757 -1.232325
801 1.491521 1.139925
802 0.786768 -1.561504
803 1.656023 -1.015631
804 1.222129 -1.246190
805 0.345661 -0.720430
806 1.505529 0.401818
807 -0.293427 -0.495939
808 0.769996 0.547296
809 0.157553 -0.312176
810 0.288114 -0.398987
811 4.453562 1.999364
812 2.200984 -1.878273
813 0.236560 -0.138053
814 0.816933 -1.356357
815 1.614982 -0.140245
816 1.317953 0.220488
817 1.655592 0.969951
818 0.241958 -0.885835
819 2.654466 0.476425
820 0.871802 -0.351439
821 0.579928 -1.298240
822 1.621048 0.593525
823 2.170809 0.534012
824 1.689699 0.236129
825 1.351489 0.608235
826 1.680497 0.456876
827 1.151405 0.677381
828 1.352706 0.414387
829 2.031221 -1.521974
830 1.110937 0.782921
831 1.856699 0.084921
832 0.980044 -1.585009
833 0.800095 -1.914636
834 -0.516850 -2.279528
835 0.939627 0.583016
836 3.559086 -1.160020
837 0.961412 0.153562
838 1.801316 -0.645759
839 1.033729 -0.374888
840 1.875929 -0.155605
841 0.716932 -0.787866
842 2.363670 1.662233
843 1.724013 -0.181062
844 2.540954 -0.549970
845 1.959037 0.082431
846 0.113065 -0.889917
847 1.359534 1.074023
848 1.439352 -0.954755
849 -0.313932 -0.733564
850 1.055781 -0.031603
851 0.685146 -0.535395
852 1.915080 -0.207552
853 1.815318 -1.579578
854 1.785395 -1.840917
855 1.243856 -0.828820
856 1.498904 -0.876168
857 0.486412 -1.479015
858 1.940561 -1.155687
859 0.242960 -0.714052
860 0.544091 -0.149577
861 1.618016 0.619451
862 1.224959 0.024362
863 1.956746 1.137302
864 0.502096 -2.340422
865 2.728261 1.197479
866 -0.809731 -1.106971
867 1.768986 0.099930
868 1.914722 -0.096021
869 1.981786 -0.188649
870 -0.020237 -1.216755
871 0.499473 -1.079711
872 1.612667 -2.292397
873 0.132547 -1.406804
874 -0.669544 -1.115242
875 2.330942 0.216775
876 -0.050020 -0.536241
877 1.775713 1.025547
878 1.573491 1.154977
879 1.050425 0.358548
880 3.374598 0.582717
881 1.530582 -0.229750
882 1.634692 0.129434
883 1.139662 0.278192
884 0.588034 -0.424518
885 -1.311536 -2.880365
886 1.671841 -0.798706
887 1.008722 -1.096176
888 1.285594 0.934129
889 2.073256 0.220576
890 2.213402 -0.565443
891 1.441724 -0.243736
892 1.464996 0.437780
893 2.243163 -0.906691
894 2.503159 0.415246
895 1.182290 0.508714
896 1.102626 0.695071
897 1.083592 0.147694
898 0.191319 -0.834574
899 4.091082 -0.279399
900 -0.360759 -0.809518
901 0.898825 0.024258
902 0.538347 -1.082150
903 2.712927 -0.702112
904 2.624624 0.936992
905 2.931159 0.607619
906 1.357835 0.363160
907 2.153566 -1.355551
908 1.482715 -0.850748
909 1.644427 0.016227
910 2.512412 0.003607
911 1.318561 -1.689608
912 2.535499 1.415336
913 1.725926 -1.519772
914 0.730193 -0.777421
915 4.383792 0.854036
916 1.005057 -0.399830
917 2.241678 0.064801
918 1.234841 0.608560
919 0.585545 -1.056363
920 0.598446 -1.087193
921 1.817836 0.085933
922 1.159864 0.656325
923 0.671715 -0.568952
924 1.242565 0.619679
925 2.273668 0.074262
926 2.339001 0.531901
927 1.905212 -0.587823
928 1.913738 0.909775
929 2.165323 1.548831
930 0.548839 -0.626070
931 0.402506 -1.073811
932 1.545007 -0.655115
933 0.846413 -2.025506
934 1.614349 0.662291
935 1.315403 0.751534
936 0.814691 -0.067442
937 2.018732 -0.231733
938 1.425394 0.231486
939 1.666817 0.804100
940 -0.195159 -0.817386
941 1.472082 0.456805
942 1.590823 -0.857011
943 2.521531 0.053778
944 1.395944 -0.973516
945 1.674294 -0.892606
946 1.944767 0.870057
947 0.770203 -0.879942
948 3.265535 -0.922742
949 -0.180631 -2.060492
950 1.577952 -1.909671
951 0.392201 -0.384687
952 0.696413 0.203160
953 1.618428 0.389043
954 0.163069 -0.221273
955 0.987555 -0.221615
956 0.443007 -1.624004
957 3.048052 0.075684
958 -0.033094 -1.641621
959 2.388103 0.673853
960 0.604248 -0.201006
961 0.810379 -0.669840
962 0.711433 -0.440860
963 1.553592 1.142223
964 2.111785 0.062352
965 1.583784 -0.358715
966 0.626532 -0.498283
967 2.156885 1.591332
968 1.742497 -0.241381
969 0.452254 0.183310
970 0.857670 -0.849446
971 -0.581216 -1.087844
972 1.287727 -1.922116
973 1.496068 -2.400479
974 0.970199 0.535542
975 -0.220846 -0.585961
976 1.288553 -0.950672
977 2.589056 -0.033242
978 1.962955 1.144386
979 1.665166 -1.737862
980 1.153861 0.587216
981 -0.393271 -1.484498
982 0.832890 0.527968
983 0.845725 0.451292
984 0.899831 -0.346519
985 0.284498 -0.378765
986 1.493353 -0.087379
987 -0.159470 -2.359860
988 2.362143 -0.532630
989 1.775922 -0.779643
990 1.051673 0.288897
991 0.150568 -0.294054
992 1.393856 0.623447
993 1.085104 0.078783
994 1.579164 -0.033391
995 1.722837 -0.702834
996 2.811539 -0.700979
997 1.124573 0.431674
998 1.480719 0.098871
999 1.121852 0.380554
