0 -1.144403 1.863467
1 -0.085641 3.038033
2 0.557149 1.319664
3 0.951582 1.552022
4 0.037720 1.257501
5 0.281223 1.478916
6 0.607766 1.730343
7 -1.193544 0.046094
8 -1.295020 1.585095
9 -1.446265 1.078428
10 -1.721895 1.713088
11 -1.302995 -0.490449
12 -0.568129 2.138730
13 -0.536025 0.619784
14 -0.556959 2.966385
15 -1.644902 1.767330
16 0.472671 1.586532
17 0.172574 2.360484
18 0.243680 1.521321
19 0.611276 0.889847
20 -1.216581 1.828339
21 -0.453495 0.857987
22 0.440501 0.816851
23 -0.435111 2.898784
24 -1.529862 2.165161
25 0.422021 1.386424
26 -0.596989 0.852450
27 -1.134348 2.604766
28 -0.712504 0.717995
29 -0.218231 0.549948
30 1.257043 2.298464
31 -0.816177 0.231414
32 -0.711244 1.482809
33 0.210979 2.743117
34 -0.536985 0.147901
35 0.877291 1.736431
36 -0.994206 0.621761
37 0.381217 1.851092
38 1.271287 1.921493
39 1.403426 2.027647
40 -1.616906 0.617383
41 -0.250946 0.889342
42 -0.707796 0.225643
43 -1.881490 -0.074675
44 -1.294534 0.397031
45 0.034510 1.742336
46 -0.385278 2.527153
47 0.171247 0.816533
48 -0.798889 -0.340366
49 -0.998031 0.853125
50 0.814253 1.047921
51 -0.094070 0.399923
52 -0.068079 0.806874
53 -0.678134 1.302041
54 -0.701733 1.254860
55 -2.487367 1.234134
56 -0.679841 3.601812
57 0.925322 2.785614
58 0.572075 1.082141
59 -1.663310 -0.367857
60 -0.526691 1.463125
61 -1.125920 1.164858
62 0.315271 3.279402
63 -2.042575 -0.400126
64 -0.157134 3.100105
65 0.804800 1.065718
66 -0.023521 1.334293
67 0.614090 1.645441
68 -0.733837 1.373916
69 -0.735736 2.206347
70 -0.272885 0.001155
71 0.587813 1.842535
72 -0.276693 1.589568
73 2.327853 2.563026
74 -0.665198 1.231910
75 -1.487078 -0.377283
76 -0.693356 2.037394
77 -1.005783 2.656720
78 -0.633962 2.020312
79 0.498494 1.427961
80 -1.021401 1.664877
81 -0.954632 1.085529
82 -1.360690 2.327700
83 -0.631848 0.380566
84 -0.895639 1.481674
85 0.245769 1.423401
86 -1.446733 1.411981
87 0.335058 2.013162
88 -0.559238 0.544478
89 -1.093341 -0.389208
90 -0.215186 1.284094
91 -0.078950 0.234373
92 1.018597 1.932887
93 0.943670 1.375442
94 -0.262966 1.968531
95 -0.330992 1.265627
96 2.003567 2.601685
97 -1.372035 2.472465
98 -0.353537 0.676578
99 -1.359625 2.056606
100 -0.745672 1.695171
101 -1.156606 1.836281
102 -1.548014 2.396820
103 0.799495 1.298816
104 0.406286 1.234003
105 -1.404398 0.170590
106 0.447168 1.239509
107 -0.390481 1.559142
108 -0.116670 1.237086
109 -1.262439 0.974389
110 -0.101184 3.909062
111 -0.912497 1.565191
112 -0.334493 0.560332
113 0.087496 1.197623
114 0.820592 2.505647
115 0.489612 2.108272
116 -0.814763 0.620288
117 0.366974 1.174657
118 0.115270 1.747821
119 0.595181 1.147538
120 -0.244142 0.555101
121 0.436594 0.699640
122 -0.979661 1.292446
123 0.347794 2.221741
124 0.406457 0.662328
125 -0.630334 0.970807
126 -0.691945 0.051321
127 -0.570262 0.371208
128 0.434327 2.611519
129 -0.118322 2.566166
130 -0.225114 0.435340
131 0.432290 1.198220
132 -1.416699 0.801378
133 0.375572 1.265848
134 0.491678 0.930351
135 -0.072619 1.101015
136 -1.625756 1.863621
137 0.086081 1.409623
138 -0.318114 0.470049
139 -0.715219 2.885993
140 -1.231145 -0.697107
141 -0.018975 0.673279
142 -1.115994 0.624698
143 -1.035293 -0.348793
144 0.007884 1.526118
145 -2.819499 0.603435
146 0.985037 2.410820
147 -0.304460 1.578297
148 0.475247 1.432548
149 -0.391092 -0.026837
150 -2.397016 1.564584
151 -1.255919 1.740547
152 -0.303531 1.009285
153 0.537239 1.559625
154 0.068542 1.654062
155 1.761998 2.524472
156 1.872378 3.267516
157 -0.405830 0.920124
158 -2.253509 0.046755
159 0.356640 0.896240
160 -1.067913 1.797120
161 -0.475985 0.949663
162 -1.730317 2.504438
163 0.900124 2.124347
164 -0.986844 2.856161
165 1.460140 1.900187
166 -0.478509 0.720983
167 -0.106480 1.425643
168 -0.547577 1.922323
169 0.112125 0.867447
170 -0.435609 1.619032
171 -0.623856 1.059231
172 -1.661168 1.199961
173 0.992579 1.849387
174 -1.141896 3.091596
175 -0.576794 0.311421
176 -1.213568 1.445691
177 -0.275733 1.451503
178 -0.676482 -0.342559
179 0.053295 2.013320
180 0.451414 1.447919
181 -1.343468 0.011928
182 0.315899 1.128006
183 -0.418749 0.189061
184 -1.191238 0.153261
185 -1.144108 0.088807
186 -1.448120 0.192192
187 -0.523816 1.062612
188 -0.446084 2.268829
189 -1.075212 1.796320
190 -0.240837 1.019014
191 0.398259 3.142583
192 -0.826965 -0.325578
193 -0.745368 0.431948
194 -0.362869 3.549284
195 -0.963878 1.994933
196 0.695559 1.110927
197 -0.295064 1.494703
198 -1.141717 2.091172
199 1.092041 2.090497
200 -0.653230 1.299654
201 -1.737009 1.224258
202 -1.475287 0.017616
203 -1.165996 0.998176
204 -0.769271 1.021906
205 -1.220145 0.956923
206 0.329721 2.050370
207 0.049652 1.258178
208 0.315710 2.273068
209 1.174842 1.604229
210 -0.782852 0.564031
211 0.703410 1.599690
212 0.518216 2.189701
213 0.421850 1.048066
214 -1.724827 -0.030102
215 -1.759933 1.420280
216 0.884557 1.483165
217 1.128556 1.415614
218 -1.081403 1.222796
219 -2.416904 0.166984
220 0.786402 2.744427
221 -1.669190 1.340224
222 0.303002 1.784973
223 -0.345301 0.842758
224 -1.782533 0.805116
225 1.768989 2.660645
226 -0.161474 2.169203
227 0.105083 2.147286
228 -0.969519 3.388525
229 -1.007674 0.170868
230 -0.635030 2.872609
231 0.182904 1.658501
232 -0.747565 1.616085
233 -1.950609 1.571093
234 -1.426597 1.081196
235 -0.284979 0.844224
236 0.537568 1.149880
237 0.092003 2.091938
238 0.669589 0.898480
239 0.804306 1.108039
240 -2.117146 0.548178
241 -1.058509 1.252850
242 -1.880926 1.481761
243 -0.226179 0.944775
244 0.392911 0.949139
245 -1.212999 1.893490
246 1.144421 1.551742
247 0.380423 0.589844
248 0.547096 2.837801
249 -2.150221 2.486374
250 -0.928217 1.440127
251 -0.312335 1.186629
252 -1.034000 0.498387
253 -1.737486 0.826541
254 -0.115526 1.236857
255 -1.018986 0.285811
256 -0.172465 0.991051
257 -1.624063 0.157361
258 0.154058 0.944072
259 0.073913 0.698546
260 -0.764134 1.926036
261 0.719357 2.105092
262 0.352685 0.770181
263 0.170140 1.355768
264 -0.663837 3.088419
265 -0.650074 1.858764
266 -2.864638 0.281306
267 -0.774669 0.626267
268 -1.162046 -0.112420
269 -1.760132 1.399515
270 0.806535 2.113589
271 -0.985154 1.555192
272 0.877315 1.562700
273 -0.970606 2.303837
274 0.223398 1.776546
275 -0.990198 1.988313
276 -0.156421 0.554507
277 -0.043887 1.205807
278 0.557472 1.190005
279 -1.394860 2.044250
280 -1.675560 1.316081
281 1.220549 1.607036
282 -1.496594 2.247658
283 -0.993341 0.552348
284 -0.501492 0.891667
285 0.654565 1.438834
286 -0.452931 1.721249
287 0.090907 0.737757
288 1.089984 1.505309
289 1.347794 2.790339
290 -2.020714 0.103629
291 -0.542071 1.658268
292 0.215232 1.764951
293 -0.657552 0.229159
294 -1.576747 1.392259
295 -0.774887 -0.350863
296 -0.037059 0.992737
297 -0.922273 0.567988
298 -0.210322 0.864590
299 0.615285 1.239006
300 -0.366290 1.248485
301 0.447941 1.063776
302 0.230462 1.015172
303 -0.385945 0.952024
304 0.069674 0.574439
305 -0.409126 1.387287
306 -0.002279 1.002016
307 -0.509266 0.077302
308 0.132996 1.458798
309 0.210898 1.733525
310 -1.691133 0.038169
311 -0.389856 1.557717
312 -1.031304 1.146609
313 -1.614290 1.518110
314 -1.557414 2.830188
315 0.518156 1.718774
316 0.189994 2.042056
317 0.711790 2.154057
318 0.870316 1.106949
319 -0.104443 1.672685
320 0.185138 1.898334
321 -1.504025 1.377412
322 -0.808034 1.622133
323 -1.467539 2.425043
324 -0.999593 0.535512
325 -0.372141 0.860972
326 -1.297659 1.417981
327 -0.558177 2.356740
328 -0.244076 2.487303
329 -0.507496 0.468042
330 -1.038774 2.225504
331 1.285684 1.616917
332 -0.718554 2.087337
333 -1.196200 1.093882
334 -1.256496 0.291951
335 -0.686080 1.749805
336 -1.720973 1.875629
337 -0.436083 0.649355
338 -0.833334 1.969588
339 1.135629 1.837424
340 1.018043 2.086616
341 0.895216 1.171926
342 0.100324 1.342860
343 -1.485147 0.061338
344 -0.004950 1.946050
345 0.681017 1.017375
346 -1.388012 2.181930
347 -0.399684 0.262524
348 -0.802484 2.523238
349 -0.993799 0.580907
350 -0.221401 1.945266
351 -1.618746 0.697832
352 -1.205095 1.823678
353 -0.132304 2.048256
354 0.385966 1.086128
355 0.043848 1.504508
356 -0.497097 0.775245
357 -1.044325 1.607869
358 -0.210282 1.242445
359 0.963009 1.471971
360 -0.770099 2.065827
361 -1.532798 0.281879
362 -0.108772 2.099020
363 0.429488 1.343531
364 0.267635 0.931054
365 0.803205 1.577532
366 -1.029273 2.214762
367 0.441066 1.451615
368 -2.181395 1.441822
369 -1.316409 1.342469
370 -0.118825 1.148443
371 -0.008166 2.827212
372 -0.398347 1.715829
373 -1.423133 1.947193
374 -1.259547 2.216895
375 -1.240577 0.170482
376 -1.532283 1.031924
377 -0.642214 -0.121268
378 -1.742914 0.373587
379 0.312663 1.456672
380 -0.428783 1.221091
381 -0.559542 1.391934
382 -0.048651 1.468392
383 -0.105835 1.058716
384 1.068429 2.194760
385 -1.398281 -0.011501
386 0.372605 1.394497
387 -0.170526 0.467415
388 -1.832221 0.114275
389 -0.505942 2.187680
390 0.235206 0.832171
391 0.182123 1.383140
392 -1.750358 0.854026
393 -0.055848 1.106749
394 -0.663139 2.813123
395 -1.837057 1.474811
396 1.188442 1.665767
397 -1.740174 0.359544
398 -0.565728 -0.000551
399 -0.640388 1.204556
400 -0.052592 1.146044
401 -0.825213 0.669280
402 0.752831 2.037629
403 -1.943571 0.389787
404 -0.295335 2.121187
405 -1.327218 2.041533
406 -2.112427 1.313277
407 -2.002810 1.268259
408 -0.524549 -0.143275
409 -0.281005 1.198326
410 -0.094421 1.391239
411 -0.759885 2.122556
412 -1.650922 2.046118
413 -0.343493 0.735369
414 -0.131158 1.097671
415 0.308282 0.898004
416 -0.257755 1.050402
417 -0.548705 0.533540
418 -0.548755 -0.000167
419 -0.443430 0.360868
420 0.465695 1.704216
421 -1.420813 0.456848
422 -1.440238 1.486374
423 0.337642 1.056126
424 0.559026 1.259259
425 0.270276 2.291908
426 0.557225 1.220607
427 -1.358626 0.587590
428 -0.115745 1.359323
429 -0.421214 1.092637
430 0.145192 2.211462
431 1.132175 1.679289
432 -0.614337 0.501082
433 0.004900 1.942736
434 -0.437779 1.256295
435 -0.230330 2.426795
436 0.275472 1.294132
437 -0.766768 1.378516
438 -0.610238 2.328815
439 -0.280348 1.142556
440 -0.383050 2.520105
441 -0.663558 0.819324
442 0.320909 2.996255
443 -0.933792 -0.312864
444 -0.586608 -0.293452
445 0.602060 1.881778
446 0.208713 1.639263
447 0.561974 2.922291
448 0.090429 1.633010
449 0.417443 0.649675
450 -0.015678 1.912259
451 1.372400 1.827599
452 -0.012432 1.159986
453 0.356064 1.399147
454 -0.331649 2.300594
455 -0.963842 -0.145589
456 -1.582563 2.357838
457 -1.436184 3.013540
458 -1.379056 2.801618
459 0.313479 1.518172
460 -0.797158 0.010124
461 0.000541 2.659081
462 -0.983393 0.407503
463 -1.041103 2.847070
464 -0.414115 1.030325
465 -1.658189 0.350155
466 -1.544324 0.349217
467 -0.319173 0.072676
468 -1.593782 2.203587
469 -1.295869 -0.195625
470 1.007480 1.518473
471 0.222273 1.247161
472 -0.554745 1.396011
473 -0.076809 3.200140
474 -0.234344 1.749923
475 -0.642142 1.843827
476 -1.602240 1.137159
477 0.100638 2.453516
478 0.671199 2.880618
479 -1.546815 0.709192
480 0.769136 3.791245
481 0.491649 2.654197
482 -0.075948 0.607711
483 -0.050869 0.414098
484 -0.370918 0.060157
485 -1.043109 0.445012
486 -1.146527 1.111395
487 -0.230551 1.054288
488 1.057307 2.029976
489 -0.668480 0.487476
490 -0.440541 1.602468
491 -0.479071 0.569469
492 -0.682729 2.004721
493 -0.023980 0.287161
494 -1.330452 0.058241
495 0.836266 3.221953
496 -1.278036 0.768689
497 -0.690432 2.158752
498 -0.035191 1.756637
499 -1.281958 0.718621
500 -0.152483 0.881120
501 -1.253769 1.440992
502 0.776468 1.377100
503 -0.466066 2.484473
504 0.166056 0.559837
505 0.513081 1.236456
506 -0.912346 1.231811
507 -2.153773 -0.497680
508 -0.642016 1.948290
509 -2.420029 1.103694
510 -0.108655 1.460021
511 -0.499872 0.721237
512 -0.710882 2.068628
513 -0.336419 1.102787
514 -1.110057 0.099995
515 -1.550466 1.446495
516 0.795645 2.054837
517 0.973820 1.818638
518 -0.899968 2.298974
519 -0.861456 0.933640
520 -0.764146 0.847090
521 -0.692156 1.062079
522 0.182099 0.812226
523 -1.955706 1.915045
524 -0.168361 1.445373
525 -0.063647 0.969722
526 -0.985007 -0.753558
527 -0.997711 1.958935
528 -0.775761 0.213606
529 0.334387 2.582269
530 -1.506815 1.739232
531 0.674833 3.265355
532 -1.965985 1.223698
533 -1.193020 1.885829
534 -0.449250 1.350278
535 0.240608 2.969920
536 1.137178 1.571924
537 -1.628276 -0.519799
538 -1.056519 1.649103
539 -0.009654 1.359306
540 0.043817 0.969336
541 0.462800 1.129642
542 0.744639 3.088505
543 -0.043311 3.291338
544 -2.248373 1.428932
545 1.369705 1.674561
546 -0.393934 1.945709
547 -1.035536 0.064261
548 0.200771 0.579044
549 -0.284837 1.911866
550 -1.685996 0.563593
551 -0.172546 0.953358
552 0.543495 1.115166
553 -0.265375 1.321140
554 0.599552 1.512290
555 -0.196503 1.369001
556 0.556930 2.626764
557 -1.278957 1.599241
558 1.311944 1.798844
559 -0.694406 1.352739
560 0.092734 1.473749
561 0.232525 1.124189
562 -0.332629 1.617775
563 0.358280 2.472056
564 -0.913442 2.203027
565 0.368442 1.960064
566 0.786293 1.307460
567 -2.034574 0.753709
568 0.298552 1.483119
569 -0.181385 2.922811
570 0.683468 1.757055
571 -0.598322 0.765575
572 -1.875361 -0.018247
573 0.719687 1.759159
574 0.786410 1.696492
575 0.245491 1.903919
576 -1.363425 -0.505511
577 0.485534 1.409423
578 0.683363 1.039792
579 -1.058762 2.303242
580 0.828903 1.596867
581 0.579759 2.239743
582 1.446936 2.306691
583 -0.539352 0.165996
584 -1.281410 0.090143
585 -1.508297 1.420971
586 0.207952 1.661722
587 0.414868 0.690868
588 -1.473202 1.581398
589 -0.462261 2.010419
590 -0.671144 0.958920
591 -1.482327 2.367557
592 -1.447177 -0.596419
593 0.881309 1.126458
594 -0.371294 1.015542
595 -1.120119 -0.116196
596 -0.342471 1.267995
597 0.903432 2.094743
598 -2.529553 -0.575388
599 -0.718095 1.786671
600 -0.598657 2.193080
601 0.068128 0.907984
602 -1.025968 3.788455
603 -0.579679 0.270129
604 -0.724356 0.605181
605 -1.563944 -0.016966
606 -0.611948 2.478935
607 -0.019177 1.189506
608 -0.288752 1.380978
609 -1.757561 0.291350
610 0.205842 0.973969
611 -0.955993 2.042172
612 -1.537181 0.850879
613 -0.793759 1.756835
614 -1.856812 0.893522
615 -0.076092 0.552991
616 -0.344314 0.560947
617 -0.513777 0.698088
618 -3.074582 1.143149
619 -0.929407 0.275669
620 0.276763 1.707243
621 -0.923596 1.694356
622 -0.514964 3.410043
623 0.422183 2.854856
624 -0.112336 0.739779
625 1.237324 1.879715
626 1.109905 2.825925
627 -0.162218 0.736188
628 -0.114795 1.185393
629 0.834728 1.384931
630 -1.038524 1.251165
631 0.563905 0.980995
632 0.279195 2.157986
633 0.695534 1.209762
634 -0.138204 2.592040
635 0.859376 1.178136
636 -1.632550 2.421271
637 -1.540419 1.638379
638 -0.742168 0.251339
639 0.728947 1.258348
640 0.349323 0.792951
641 -1.323483 1.420348
642 0.906375 3.130759
643 0.917763 2.310458
644 1.576890 1.852005
645 -0.404511 1.681308
646 -1.939305 0.400813
647 -0.996432 -0.080849
648 -0.419441 1.107069
649 1.045976 1.419866
650 -0.554722 1.134472
651 -0.126452 1.257186
652 0.166969 1.359355
653 -0.500643 1.478798
654 -0.245869 2.107638
655 0.079609 0.728543
656 -0.139455 2.048215
657 -0.764507 1.294461
658 0.582849 3.206093
659 0.561660 3.099337
660 -0.335131 -0.076513
661 -1.229964 0.797864
662 -0.989672 2.233235
663 -1.647186 -0.293200
664 -0.994769 1.868929
665 -0.262656 0.254913
666 -0.927136 2.374232
667 0.872836 1.873795
668 0.245683 0.912797
669 -1.360830 1.864720
670 -0.577305 1.095631
671 -0.666797 1.527605
672 0.201299 1.960630
673 0.185948 0.800100
674 -0.092866 1.200262
675 -1.031596 1.568215
676 0.744785 1.047812
677 -0.139035 0.496225
678 -0.126121 1.379349
679 2.821790 3.111309
680 0.606772 1.639662
681 -0.181561 1.003066
682 -1.849868 1.809439
683 0.978066 2.047539
684 -0.809061 0.910931
685 0.407014 1.212392
686 -0.873206 -0.548547
687 -0.231051 1.281116
688 0.488630 1.360708
689 -1.475823 2.307186
690 -0.260179 0.253274
691 -1.459593 1.406221
692 0.200347 1.147083
693 0.423956 1.789843
694 -0.687233 1.260483
695 0.025920 1.624039
696 -0.617738 1.184663
697 1.379797 1.807473
698 1.127381 1.564919
699 -1.057857 1.912294
700 0.726150 1.592383
701 -0.622776 1.246395
702 -1.208293 -0.190254
703 0.649960 1.945024
704 -0.168183 1.556564
705 -1.025558 0.496931
706 -1.255050 1.584015
707 0.295833 1.706078
708 -0.048575 2.152699
709 0.666959 1.539011
710 1.415623 2.130286
711 -0.320049 0.636540
712 -0.023373 1.457922
713 0.171857 2.153169
714 0.999807 2.856308
715 -0.818754 0.527307
716 -0.615675 1.241578
717 -0.729333 1.093861
718 0.084434 0.866811
719 -0.478187 2.299764
720 0.434027 1.403891
721 0.004889 0.834136
722 -1.144309 -0.200781
723 0.949601 2.127133
724 -1.467669 0.833963
725 -0.376255 0.654211
726 -0.915474 0.769159
727 0.199361 0.508344
728 -0.633826 -0.057929
729 -2.716308 2.592087
730 -0.489154 0.897267
731 -1.471614 1.501351
732 -0.322021 0.946201
733 -1.292590 0.577948
734 -0.391007 2.040468
735 -0.476958 1.482716
736 -1.397948 0.375949
737 -0.196850 0.144835
738 -0.320271 1.201138
739 0.337629 1.943211
740 -0.627581 1.075754
741 0.206026 1.083773
742 1.073071 2.723436
743 -0.295622 0.599746
744 -0.983707 1.084510
745 -0.568158 0.747817
746 -1.089306 0.012580
747 -0.433848 1.513534
748 -0.868134 1.309624
749 -0.997508 0.384139
750 -0.739544 0.417252
751 -0.033288 0.928015
752 -0.596987 1.389476
753 0.406643 1.190153
754 0.478837 1.335169
755 -1.680099 0.501261
756 -1.490380 3.402367
757 -0.651841 0.031553
758 -0.044072 0.853310
759 -0.696545 1.192186
760 -0.847443 0.584543
761 -0.760631 1.369370
762 0.896926 1.961244
763 -0.141887 1.230119
764 0.534417 1.568662
765 -0.289238 0.559829
766 -0.705160 -0.150600
767 -0.954628 0.444212
768 -0.733934 0.553754
769 -1.009770 0.802488
770 0.551773 2.984891
771 -0.042527 1.142985
772 -1.812278 0.953515
773 -1.206168 1.650204
774 -0.771469 1.385372
775 -0.467091 1.385773
776 -0.627015 2.159068
777 0.013255 1.727077
778 -2.022434 0.320381
779 -1.409525 1.152784
780 -0.536870 1.243922
781 0.381614 0.867551
782 0.547787 1.937761
783 0.005905 0.835428
784 -2.952546 0.324911
785 0.564575 1.742180
786 0.628522 0.988664
787 0.281037 1.122722
788 0.519211 0.849841
789 -0.388339 2.239543
790 0.635493 0.981265
791 -0.794920 1.895711
792 -1.129691 1.198818
793 -0.339395 1.079161
794 -0.483674 4.060284
795 -0.871492 1.062171
796 0.658771 1.237023
797 -1.397734 0.920674
798 -0.622262 3.658917
799 -0.035031 2.370966
800 0.602653 1.547615
801 -0.187839 1.168047
802 -2.351990 2.133647
803 -0.577065 1.451568
804 -0.524419 2.181240
805 0.683625 2.436603
806 -0.062739 0.570447
807 -0.951387 2.513358
808 0.914398 2.655352
809 0.982596 1.326916
810 -0.158300 1.578973
811 -0.647698 1.451434
812 -2.018187 -0.054265
813 -0.744712 0.947944
814 -0.077251 0.512759
815 -1.219249 1.508926
816 0.007402 1.213822
817 0.376118 0.662271
818 -0.106979 1.039511
819 -1.129240 0.759296
820 -0.788035 1.219079
821 -0.043607 1.894188
822 -0.621699 0.753357
823 -0.846300 2.293062
824 -0.481384 0.677256
825 -0.438215 0.140141
826 -1.296732 -0.238641
827 -0.678010 1.859036
828 -0.423231 0.394138
829 -0.444441 0.736519
830 -0.460456 1.406341
831 0.606129 1.746869
832 -1.292262 2.514120
833 -0.376166 2.364497
834 -0.055268 0.999354
835 -0.152441 0.608004
836 -0.209096 2.313710
837 -0.185073 2.379503
838 0.864794 1.742562
839 -0.688613 0.054630
840 0.506439 1.549822
841 -1.010558 1.538171
842 0.016871 2.635256
843 -0.600055 1.558014
844 -0.387382 1.591170
845 -1.324417 1.963128
846 -0.728539 0.544089
847 -0.828720 1.817809
848 -1.542212 0.209033
849 0.158826 1.807698
850 -1.176944 2.344612
851 -0.426919 2.243611
852 -0.625968 2.237960
853 -0.094847 1.705661
854 1.029350 2.247668
855 -0.381679 0.497897
856 0.837727 2.104501
857 0.432136 2.195570
858 0.153056 0.750670
859 0.686413 1.885193
860 0.252471 2.137037
861 0.890740 2.009880
862 -0.319908 0.010953
863 -0.560699 2.006149
864 0.707290 1.257420
865 0.400065 1.323529
866 -1.627534 1.873224
867 0.458787 1.226793
868 1.130235 2.189548
869 1.095936 1.349403
870 -0.185553 1.304433
871 1.299226 2.329710
872 -0.261454 0.569229
873 0.819891 2.722860
874 -0.508765 2.929485
875 -1.268419 1.183748
876 -1.562829 -0.735708
877 0.317479 1.333750
878 -0.671513 1.024895
879 -0.964736 2.043684
880 -0.111517 0.800367
881 -0.948705 0.841917
882 -0.663524 0.904475
883 0.104508 0.338978
884 0.202078 0.910945
885 -0.394837 1.331635
886 0.043503 1.596280
887 -0.795774 0.555726
888 0.406227 1.838491
889 -0.780958 1.096039
890 -0.395495 2.080255
891 1.105210 2.054884
892 0.008258 0.284121
893 0.224073 1.734944
894 0.501281 2.122083
895 0.334829 1.443768
896 -0.838879 0.128709
897 -0.579415 1.342822
898 -0.912768 1.161389
899 -0.291391 0.843180
900 -0.664381 2.473334
901 0.891048 1.232156
902 -0.457044 0.291627
903 -1.052566 0.510571
904 0.229878 0.715708
905 -0.389856 1.850276
906 -0.248210 0.337670
907 -0.450498 0.800314
908 0.043661 1.349681
909 -1.792629 0.372693
910 0.134825 1.396559
911 0.800995 2.460693
912 -1.681639 1.154687
913 0.516785 2.122072
914 0.010746 1.939563
915 0.692531 2.800600
916 -0.871199 0.727127
917 -0.567603 0.738000
918 -0.822584 -0.414933
919 0.174693 0.969679
920 -0.571519 1.914423
921 0.037156 1.092489
922 0.121826 1.115983
923 0.548521 3.214655
924 -1.080668 0.895235
925 0.051502 1.750287
926 0.725823 2.251379
927 -0.550022 1.291905
928 -0.044977 1.266071
929 -0.278487 0.777288
930 -0.864045 0.891186
931 -0.645934 0.582739
932 -0.630887 2.685852
933 -0.122019 0.375248
934 -0.227621 2.200372
935 0.792159 1.978398
936 0.294558 1.597778
937 0.000697 0.318191
938 -0.396230 -0.157653
939 -1.859393 0.753070
940 -1.485695 0.832806
941 0.277138 1.570518
942 0.033334 1.461363
943 -0.280295 0.223941
944 -0.957970 1.704006
945 0.386542 1.631453
946 0.701797 2.010213
947 0.175731 0.736385
948 0.577022 2.765301
949 -1.010754 0.926154
950 0.128812 1.792806
951 -2.362211 1.216323
952 -0.212467 0.073019
953 -1.731280 1.561228
954 -1.349062 1.660077
955 -1.108235 1.744532
956 -1.162556 1.436366
957 -0.344556 1.894177
958 0.173164 2.352381
959 1.005727 2.629631
960 -0.477463 1.260697
961 -1.747592 0.389735
962 -0.702783 -0.075231
963 -0.377696 1.609960
964 -0.141967 0.447999
965 -0.109417 0.695684
966 -2.059594 0.129986
967 -2.093503 0.012851
968 0.411045 1.069022
969 0.074844 2.497450
970 -0.424811 2.485915
971 0.479481 0.963983
972 -0.739562 0.453268
973 -1.512951 1.159438
974 1.096002 2.633144
975 -1.715002 2.483359
976 -0.403548 1.628017
977 0.178741 2.028411
978 0.099462 0.947158
979 -1.223010 4.124634
980 0.626892 1.718360
981 -1.724150 2.290410
982 0.067570 1.189854
983 0.265172 2.272164
984 -0.756772 1.127594
985 -0.922683 0.734237
986 -1.434891 -0.275911
987 0.304412 0.928772
988 -0.680845 2.983386
989 0.313037 2.228754
990 1.145886 1.586243
991 0.593477 0.838194
992 -0.137260 1.608248
993 -0.101943 0.415006
994 0.159034 0.384921
995 0.551757 1.223522
996 -0.272306 1.293692
997 -0.238956 0.810336
998 0.199329 1.027202
999 -1.461705 0.178454
