1.241763 -0.100000 -0.100000
1.855498 -0.100000 0.000000
2.385264 -0.100000 0.100000
2.658972 -0.100000 0.200000
2.612763 -0.100000 0.300000
2.335400 -0.100000 0.400000
1.997512 -0.100000 0.500000
1.729935 -0.100000 0.600000
1.560817 -0.100000 0.700000
1.449683 -0.100000 0.800000
1.357119 -0.100000 0.900000
1.272290 -0.100000 1.000000
1.189181 -0.100000 1.100000
1.083106 -0.100000 1.200000
0.924905 -0.100000 1.300000
0.713395 -0.100000 1.400000
0.484099 -0.100000 1.500000
0.284516 -0.100000 1.600000
0.143590 -0.100000 1.700000
1.529198 0.000000 -0.100000
2.297090 0.000000 0.000000
2.976948 0.000000 0.100000
3.360979 0.000000 0.200000
3.369005 0.000000 0.300000
3.102094 0.000000 0.400000
2.757728 0.000000 0.500000
2.484536 0.000000 0.600000
2.309665 0.000000 0.700000
2.183356 0.000000 0.800000
2.062820 0.000000 0.900000
1.940138 0.000000 1.000000
1.808168 0.000000 1.100000
1.633209 0.000000 1.200000
1.379080 0.000000 1.300000
1.051480 0.000000 1.400000
0.706088 0.000000 1.500000
0.411301 0.000000 1.600000
0.206047 0.000000 1.700000
1.657732 0.100000 -0.100000
2.512377 0.100000 0.000000
3.297389 0.100000 0.100000
3.791046 0.100000 0.200000
3.898777 0.100000 0.300000
3.712483 0.100000 0.400000
3.426402 0.100000 0.500000
3.188879 0.100000 0.600000
3.028226 0.100000 0.700000
2.898310 0.100000 0.800000
2.761185 0.100000 0.900000
2.609350 0.100000 1.000000
2.428099 0.100000 1.100000
2.174082 0.100000 1.200000
1.811200 0.100000 1.300000
1.360401 0.100000 1.400000
0.900535 0.100000 1.500000
0.517932 0.100000 1.600000
0.256648 0.100000 1.700000
1.631129 0.200000 -0.100000
2.504515 0.200000 0.000000
3.344752 0.200000 0.100000
3.934718 0.200000 0.200000
4.165012 0.200000 0.300000
4.097278 0.200000 0.400000
3.896826 0.200000 0.500000
3.701587 0.200000 0.600000
3.551584 0.200000 0.700000
3.421595 0.200000 0.800000
3.284815 0.200000 0.900000
3.125735 0.200000 1.000000
2.910764 0.200000 1.100000
2.585404 0.200000 1.200000
2.122146 0.200000 1.300000
1.565515 0.200000 1.400000
1.017488 0.200000 1.500000
0.575260 0.200000 1.600000
0.280726 0.200000 1.700000
1.523765 0.300000 -0.100000
2.375035 0.300000 0.000000
3.232397 0.300000 0.100000
3.890673 0.300000 0.200000
4.224760 0.300000 0.300000
4.257064 0.300000 0.400000
4.115650 0.300000 0.500000
3.930135 0.300000 0.600000
3.764987 0.300000 0.700000
3.628556 0.300000 0.800000
3.506755 0.300000 0.900000
3.366671 0.300000 1.000000
3.145928 0.300000 1.100000
2.777323 0.300000 1.200000
2.246941 0.300000 1.300000
1.625727 0.300000 1.400000
1.034430 0.300000 1.500000
0.572660 0.300000 1.600000
0.273981 0.300000 1.700000
1.417328 0.400000 -0.100000
2.232018 0.400000 0.000000
3.077129 0.400000 0.100000
3.758207 0.400000 0.200000
4.138582 0.400000 0.300000
4.209778 0.400000 0.400000
4.071952 0.400000 0.500000
3.853639 0.400000 0.600000
3.647334 0.400000 0.700000
3.494853 0.400000 0.800000
3.392451 0.400000 0.900000
3.287746 0.400000 1.000000
3.089635 0.400000 1.100000
2.719134 0.400000 1.200000
2.174066 0.400000 1.300000
1.545093 0.400000 1.400000
0.962428 0.400000 1.500000
0.520890 0.400000 1.600000
0.243643 0.400000 1.700000
1.348730 0.500000 -0.100000
2.119114 0.500000 0.000000
2.919544 0.500000 0.100000
3.565239 0.500000 0.200000
3.920111 0.500000 0.300000
3.965180 0.500000 0.400000
3.788840 0.500000 0.500000
3.520381 0.500000 0.600000
3.268958 0.500000 0.700000
3.096614 0.500000 0.800000
3.006653 0.500000 0.900000
2.936245 0.500000 1.000000
2.778296 0.500000 1.100000
2.446820 0.500000 1.200000
1.943594 0.500000 1.300000
1.364112 0.500000 1.400000
0.835588 0.500000 1.500000
0.443540 0.500000 1.600000
0.203167 0.500000 1.700000
1.311005 0.600000 -0.100000
2.023651 0.600000 0.000000
2.743616 0.600000 0.100000
3.299861 0.600000 0.200000
3.573185 0.600000 0.300000
3.554864 0.600000 0.400000
3.333093 0.600000 0.500000
3.031440 0.600000 0.600000
2.755602 0.600000 0.700000
2.569623 0.600000 0.800000
2.481766 0.600000 0.900000
2.433602 0.600000 1.000000
2.320449 0.600000 1.100000
2.055833 0.600000 1.200000
1.636097 0.600000 1.300000
1.145464 0.600000 1.400000
0.697291 0.600000 1.500000
0.366723 0.600000 1.600000
0.166051 0.600000 1.700000
1.284663 0.700000 -0.100000
1.926018 0.700000 0.000000
2.540862 0.700000 0.100000
2.978344 0.700000 0.200000
3.148202 0.700000 0.300000
3.063390 0.700000 0.400000
2.815097 0.700000 0.500000
2.512609 0.700000 0.600000
2.242083 0.700000 0.700000
2.056300 0.700000 0.800000
1.967270 0.700000 0.900000
1.931872 0.700000 1.000000
1.860972 0.700000 1.100000
1.671951 0.700000 1.200000
1.349270 0.700000 1.300000
0.956233 0.700000 1.400000
0.587937 0.700000 1.500000
0.311651 0.700000 1.600000
0.141963 0.700000 1.700000
1.256175 0.800000 -0.100000
1.824503 0.800000 0.000000
2.335199 0.800000 0.100000
2.660373 0.800000 0.200000
2.740042 0.800000 0.300000
2.608111 0.800000 0.400000
2.356612 0.800000 0.500000
2.077557 0.800000 0.600000
1.833733 0.800000 0.700000
1.662784 0.800000 0.800000
1.578644 0.800000 0.900000
1.554858 0.800000 1.000000
1.520433 0.800000 1.100000
1.397412 0.800000 1.200000
1.157156 0.800000 1.300000
0.841726 0.800000 1.400000
0.530720 0.800000 1.500000
0.288126 0.800000 1.600000
0.134243 0.800000 1.700000
1.215109 0.900000 -0.100000
1.724216 0.900000 0.000000
2.158515 0.900000 0.100000
2.408913 0.900000 0.200000
2.435804 0.900000 0.300000
2.284273 0.900000 0.400000
2.044062 0.900000 0.500000
1.794625 0.900000 0.600000
1.582687 0.900000 0.700000
1.433990 0.900000 0.800000
1.361399 0.900000 0.900000
1.349084 0.900000 1.000000
1.339787 0.900000 1.100000
1.259973 0.900000 1.200000
1.071657 0.900000 1.300000
0.801584 0.900000 1.400000
0.519535 0.900000 1.500000
0.289642 0.900000 1.600000
0.138395 0.900000 1.700000
1.150522 1.000000 -0.100000
1.622970 1.000000 0.000000
2.022952 1.000000 0.100000
2.250613 1.000000 0.200000
2.270169 1.000000 0.300000
2.124377 1.000000 0.400000
1.898672 1.000000 0.500000
1.669181 1.000000 0.600000
1.478660 1.000000 0.700000
1.346797 1.000000 0.800000
1.282275 1.000000 0.900000
1.272445 1.000000 1.000000
1.269094 1.000000 1.100000
1.204948 1.000000 1.200000
1.039338 1.000000 1.300000
0.790435 1.000000 1.400000
0.521402 1.000000 1.500000
0.295823 1.000000 1.600000
0.143753 1.000000 1.700000
1.056366 1.100000 -0.100000
1.512273 1.100000 0.000000
1.916020 1.100000 0.100000
2.166702 1.100000 0.200000
2.216041 1.100000 0.300000
2.092121 1.100000 0.400000
1.874993 1.100000 0.500000
1.646437 1.100000 0.600000
1.456429 1.100000 0.700000
1.324383 1.100000 0.800000
1.253241 1.100000 0.900000
1.228798 1.100000 1.000000
1.210103 1.100000 1.100000
1.140021 1.100000 1.200000
0.981855 1.100000 1.300000
0.749218 1.100000 1.400000
0.497308 1.100000 1.500000
0.284317 1.100000 1.600000
0.139282 1.100000 1.700000
0.935418 1.200000 -0.100000
1.382436 1.200000 0.000000
1.807697 1.200000 0.100000
2.103414 1.200000 0.200000
2.199322 1.200000 0.300000
2.101350 1.200000 0.400000
1.882949 1.200000 0.500000
1.636313 1.200000 0.600000
1.425523 1.200000 0.700000
1.274505 1.200000 0.800000
1.181319 1.200000 0.900000
1.128728 1.200000 1.000000
1.082804 1.200000 1.100000
0.999528 1.200000 1.200000
0.850261 1.200000 1.300000
0.645105 1.200000 1.400000
0.427641 1.200000 1.500000
0.244788 1.200000 1.600000
0.120219 1.200000 1.700000
0.794718 1.300000 -0.100000
1.222948 1.300000 0.000000
1.659291 1.300000 0.100000
1.990954 1.300000 0.200000
2.126896 1.300000 0.300000
2.050360 1.300000 0.400000
1.826073 1.300000 0.500000
1.554737 1.300000 0.600000
1.314905 1.300000 0.700000
1.137685 1.300000 0.800000
1.018925 1.300000 0.900000
0.938985 1.300000 1.000000
0.870131 1.300000 1.100000
0.781159 1.300000 1.200000
0.652089 1.300000 1.300000
0.489294 1.300000 1.400000
0.322507 1.300000 1.500000
0.184159 1.300000 1.600000
0.090389 1.300000 1.700000
0.640545 1.400000 -0.100000
1.025755 1.400000 0.000000
1.439752 1.400000 0.100000
1.773622 1.400000 0.200000
1.926712 1.400000 0.300000
1.865760 1.400000 0.400000
1.644012 1.400000 0.500000
1.362253 1.400000 0.600000
1.106680 1.400000 0.700000
0.914605 1.400000 0.800000
0.782496 1.400000 0.900000
0.690102 1.400000 1.000000
0.614389 1.400000 1.100000
0.533939 1.400000 1.200000
0.435587 1.400000 1.300000
0.322125 1.400000 1.400000
0.210529 1.400000 1.500000
0.119657 1.400000 1.600000
0.058586 1.400000 1.700000
0.480654 1.500000 -0.100000
0.795946 1.500000 0.000000
1.148008 1.500000 0.100000
1.443098 1.500000 0.200000
1.586547 1.500000 0.300000
1.538663 1.500000 0.400000
1.339175 1.500000 0.500000
1.077574 1.500000 0.600000
0.836179 1.500000 0.700000
0.653789 1.500000 0.800000
0.529024 1.500000 0.900000
0.443331 1.500000 1.000000
0.377478 1.500000 1.100000
0.316437 1.500000 1.200000
0.251485 1.500000 1.300000
0.182807 1.500000 1.400000
0.118220 1.500000 1.500000
0.066772 1.500000 1.600000
0.032572 1.500000 1.700000
0.328473 1.600000 -0.100000
0.558190 1.600000 0.000000
0.821829 1.600000 0.100000
1.048766 1.600000 0.200000
1.163074 1.600000 0.300000
1.128322 1.600000 0.400000
0.970777 1.600000 0.500000
0.759702 1.600000 0.600000
0.562663 1.600000 0.700000
0.413876 1.600000 0.800000
0.313976 1.600000 0.900000
0.248123 1.600000 1.000000
0.201045 1.600000 1.100000
0.161994 1.600000 1.200000
0.125050 1.600000 1.300000
0.089134 1.600000 1.400000
0.056930 1.600000 1.500000
0.031910 1.600000 1.600000
0.015493 1.600000 1.700000
0.200423 1.700000 -0.100000
0.347276 1.700000 0.000000
0.519316 1.700000 0.100000
0.670416 1.700000 0.200000
0.748565 1.700000 0.300000
0.726446 1.700000 0.400000
0.619186 1.700000 0.500000
0.473072 1.700000 0.600000
0.335491 1.700000 0.700000
0.231867 1.700000 0.800000
0.163803 1.700000 0.900000
0.121065 1.700000 1.000000
0.092766 1.700000 1.100000
0.071545 1.700000 1.200000
0.053474 1.700000 1.300000
0.037281 1.700000 1.400000
0.023474 1.700000 1.500000
0.013040 1.700000 1.600000
0.006295 1.700000 1.700000
